$SPEC_ID:
watchboy pmt bulb down, approx 10 cm from endcap
$SPEC_REM:
DET# 12
DETDESC# BI/G8
AP# Maestro Version 7.01
$DATE_MEA:
08/11/2018 05:26:31
$MEAS_TIM:
610000 611428
$DATA:
0 8191
       0
       0
       0
       0
       0
       0
       0
       0
       0
       0
       0
       0
       0
       0
       0
       0
       0
       0
       0
       0
       0
       0
       0
       0
       0
    2926
    2717
    2648
    2609
    2609
    2457
    2491
    2456
    2315
    2222
    2228
    2293
    2119
    2125
    2122
    2072
    2005
    2016
    2027
    1959
    1966
    1945
    1909
    1909
    1947
    1867
    1809
    1875
    1811
    1814
    1799
    1763
    1753
    1737
    1761
    1659
    1667
    1708
    1739
    1685
    1678
    1698
    1791
    1662
    1695
    1643
    1698
    1676
    1589
    1648
    1670
    1631
    1572
    1619
    1598
    1559
    1582
    1577
    1539
    1568
    1556
    1515
    1641
    1614
    1560
    1545
    1661
    1708
    1608
    1601
    1538
    1509
    1521
    1537
    1514
    1610
    1537
    1454
    1532
    1571
    1591
    1643
    1649
    1580
    1617
    1574
    1593
    1627
    1616
    1598
    1630
    1618
    1525
    1642
    1699
    1584
    1631
    1699
    1628
    1645
    1712
    1670
    1672
    1687
    1705
    1688
    1725
    1819
    1840
    1659
    1652
    1632
    1708
    1720
    1771
    1683
    1728
    1733
    1853
    1920
    1983
    1939
    1863
    2047
    2469
    2300
    1862
    1791
    1853
    1945
    1816
    1806
    1816
    1743
    1863
    1860
    1914
    1917
    1951
    1898
    1839
    1960
    2015
    2284
    2588
    2310
    2097
    2061
    2196
    2238
    2254
    2013
    1995
    2096
    2116
    2019
    2038
    2049
    2115
    2109
    2232
    2203
    2162
    2240
    2192
    2219
    2197
    2264
    2238
    2206
    2270
    2340
    2310
    2323
    2212
    2267
    2307
    2337
    2396
    2488
    2427
    2374
    2555
    2413
    2525
    2584
    2579
    2561
    2510
    2569
    2544
    2572
    2607
    2586
    2520
    2602
    2537
    2637
    2653
    2713
    2560
    2750
    2619
    2689
    2767
    2800
    2774
    2767
    2718
    2812
    2807
    2817
    2856
    2815
    2823
    2890
    2875
    2934
    2851
    2852
    2957
    2980
    2840
    2925
    2957
    2803
    2926
    3012
    2904
    3000
    3042
    3015
    2979
    2957
    3069
    2951
    3005
    3157
    3033
    3065
    2977
    3035
    2931
    3111
    3095
    3098
    2995
    2994
    3101
    3030
    3054
    3080
    3091
    3141
    3239
    3205
    3072
    3028
    2935
    2999
    3026
    3151
    3234
    3019
    3097
    3157
    2960
    3069
    3014
    3209
    3082
    3009
    3143
    3048
    3063
    3013
    3191
    3047
    3181
    3094
    3176
    3148
    3118
    3131
    3071
    3177
    3068
    3155
    3024
    3011
    3048
    3161
    3099
    3098
    3056
    3087
    3074
    3156
    3069
    3156
    3058
    3118
    3055
    3019
    3067
    3124
    2962
    3042
    3150
    2977
    3081
    3046
    3054
    3038
    3126
    3162
    3069
    3043
    3039
    3019
    3007
    3070
    3200
    3078
    2983
    2909
    3089
    3152
    3024
    3044
    3126
    3090
    3008
    3041
    3014
    3017
    3008
    2916
    2911
    2968
    3047
    3029
    2968
    3013
    2971
    3151
    3252
    3374
    3181
    2993
    2999
    2890
    2909
    2918
    2925
    2953
    2922
    2930
    2962
    2849
    2882
    2988
    2899
    2896
    2947
    2878
    2919
    2945
    2895
    2778
    2834
    3003
    3136
    2937
    2868
    2832
    2795
    2954
    2875
    2955
    2956
    2943
    2811
    2811
    2840
    2860
    2890
    2792
    2825
    2876
    2786
    2784
    2929
    2897
    2925
    2833
    2807
    2740
    2719
    2737
    2781
    2809
    2757
    2803
    2725
    2712
    2821
    2731
    2674
    2833
    2707
    2813
    2600
    2781
    2671
    2775
    2657
    2663
    2704
    2760
    2699
    2790
    2675
    2695
    2654
    2648
    2637
    2531
    2625
    2627
    2617
    2677
    2650
    2650
    2581
    2555
    2700
    2674
    2612
    2517
    2598
    2629
    2555
    2553
    2533
    2515
    2578
    2665
    2604
    2601
    2612
    3185
    4126
    3855
    2846
    2511
    2583
    2683
    2688
    2876
    2710
    2517
    2428
    2434
    2399
    2441
    2505
    2441
    2388
    2472
    2370
    2382
    2455
    2439
    2407
    2359
    2352
    2389
    2331
    2443
    2406
    2362
    2345
    2333
    2342
    2293
    2369
    2325
    2334
    2317
    2366
    2380
    2336
    2244
    2352
    2268
    2292
    2235
    2258
    2266
    2307
    2219
    2221
    2269
    2275
    2199
    2235
    2220
    2231
    2208
    2121
    2222
    2170
    2213
    2211
    2313
    2277
    2269
    2273
    2163
    2177
    2169
    2272
    2162
    2140
    2178
    2146
    2079
    2127
    2253
    2342
    2163
    2165
    2063
    2209
    2130
    2154
    2087
    2105
    2135
    2142
    2068
    2022
    2083
    2133
    2147
    2042
    2069
    2062
    2038
    2066
    2030
    2098
    2040
    2093
    2014
    2084
    2033
    1982
    1985
    2075
    2055
    2013
    2059
    2378
    2781
    2971
    2420
    2122
    1973
    1955
    1951
    2019
    1906
    2026
    2163
    2059
    2035
    1992
    2024
    1948
    1945
    1971
    1962
    1933
    1953
    1926
    1865
    1914
    1914
    1944
    1897
    1884
    1852
    1865
    1953
    2002
    1887
    1894
    1885
    1875
    1805
    1961
    1874
    1899
    1911
    1790
    1865
    1854
    1855
    1885
    1841
    1901
    1877
    1784
    1832
    1946
    1780
    1898
    1765
    1859
    1714
    1813
    1777
    1832
    1795
    1825
    1753
    1823
    1869
    1862
    1855
    1928
    1858
    1737
    1772
    1782
    1775
    1807
    1792
    1745
    1734
    1831
    1807
    1700
    1762
    1716
    1749
    1719
    1709
    1839
    2001
    2169
    2132
    1741
    1718
    1705
    1694
    1707
    1687
    1691
    1693
    1651
    1734
    1623
    1657
    1608
    1659
    1620
    1683
    1680
    1673
    1631
    1722
    1573
    1618
    1758
    1906
    2651
    3496
    3100
    2140
    1699
    1606
    1598
    1502
    1527
    1583
    1564
    1626
    1507
    1526
    1514
    1637
    1500
    1598
    1545
    1518
    1491
    1517
    1574
    1447
    1585
    1524
    1447
    1574
    1472
    1528
    1532
    1469
    1511
    1498
    1481
    1486
    1476
    1465
    1425
    1471
    1525
    1454
    1465
    1490
    1454
    1488
    1406
    1449
    1510
    1460
    1518
    1392
    1381
    1530
    1475
    1462
    1476
    1436
    1436
    1449
    1521
    1403
    1483
    1482
    1446
    1376
    1504
    1368
    1480
    1465
    1403
    1434
    1488
    1434
    1383
    1538
    1422
    1446
    1433
    1413
    1331
    1345
    1370
    1398
    1381
    1298
    1459
    1356
    1408
    1330
    1382
    1370
    1353
    1371
    1344
    1396
    1435
    1309
    1313
    1425
    1358
    1373
    1348
    1434
    1254
    1367
    1317
    1403
    1365
    1436
    1337
    1326
    1298
    1313
    1376
    1395
    1396
    1382
    1298
    1323
    1282
    1299
    1327
    1336
    1281
    1322
    1307
    1271
    1330
    1276
    1317
    1269
    1347
    1275
    1319
    1294
    1242
    1343
    1346
    1313
    1278
    1312
    1311
    1344
    1308
    1316
    1288
    1225
    1263
    1278
    1272
    1350
    1251
    1285
    1250
    1272
    1190
    1226
    1174
    1282
    1230
    1292
    1257
    1288
    1237
    1259
    1225
    1259
    1260
    1184
    1211
    1255
    1190
    1274
    1232
    1239
    1235
    1222
    1257
    1209
    1260
    1248
    1261
    1183
    1212
    1174
    1196
    1225
    1271
    1195
    1183
    1157
    1237
    1220
    1291
    1145
    1158
    1233
    1163
    1170
    1149
    1132
    1188
    1174
    1207
    1079
    1182
    1196
    1178
    1215
    1210
    1235
    1147
    1156
    1136
    1181
    1218
    1199
    1155
    1180
    1180
    1142
    1198
    1300
    1376
    1260
    1178
    1121
    1210
    1142
    1099
    1138
    1165
    1132
    1184
    1140
    1125
    1079
    1159
    1151
    1114
    1154
    1091
    1141
    1079
    1228
    1132
    1132
    1207
    1137
    1147
    1112
    1064
    1136
    1137
    1180
    1202
    1106
    1096
    1166
    1127
    1098
    1120
    1103
    1087
    1112
    1100
    1066
    1103
    1098
    1143
    1101
    1142
    1151
    1114
    1112
    1141
    1142
    1099
    1084
    1105
    1153
    1075
    1010
    1130
    1103
    1042
    1052
    1086
    1139
    1091
    1043
    1050
    1072
    1051
    1070
    1047
    1078
    1045
    1025
    1020
    1086
    1033
    1106
    1097
    1091
    1081
    1008
    1028
    1103
    1149
    1098
    1176
    1255
    1544
    1897
    2657
    4075
    5999
    7512
    7823
    6751
    5095
    3388
    2180
    1610
    1261
    1173
    1123
    1041
     978
     955
     933
     963
    1008
     996
     986
     993
    1007
     953
     958
     971
    1004
     952
     976
     951
     952
     913
     908
     965
     935
     946
     969
     945
     968
     893
     906
     977
     905
     930
     921
     906
     971
     936
     964
     928
     940
     935
     943
     939
     925
     901
     875
     931
     933
     849
     920
     905
     903
     924
     917
     882
     900
     910
     955
     941
     926
     939
     928
     938
     916
     961
     938
     915
     905
     856
     911
     924
     900
     871
     846
     913
     912
     933
     868
     836
     851
     895
     855
     901
     869
     944
     900
     925
     987
    1051
     968
     901
     907
     916
     904
     884
     893
     915
     950
     849
     927
     866
     888
     871
     844
     913
     893
     881
     856
     900
     910
     973
     897
     938
     922
     914
     933
     889
     891
     892
     830
     853
     878
     870
     850
     865
     888
     853
     895
     883
     858
     818
     888
     899
     854
     912
    1129
    1668
    2070
    1877
    1305
     914
     883
     842
     846
     830
     922
     801
     860
     842
     811
     806
     863
     844
     837
     820
     830
     783
     857
     791
     818
     819
     865
     834
     864
     881
     868
     827
     867
     822
     901
     857
     840
     851
     876
     895
     791
     866
     901
     848
     902
     860
     866
     814
     873
     810
     838
     953
    1228
    2068
    3145
    3052
    1845
    1162
     866
     784
     771
     795
     757
     786
     806
     799
     801
     771
     794
     859
     879
     827
     805
     778
     722
     811
     766
     818
     777
     813
     816
     785
     763
     817
     804
     828
     774
     800
     761
     743
     738
     764
     736
     730
     730
     738
     765
     808
     743
     738
     788
     797
     761
     704
     716
     769
     760
     730
     791
     746
     735
     730
     739
     752
     788
     755
     730
     749
     755
     742
     825
     778
     748
     718
     769
     694
     703
     710
     716
     705
     724
     698
     733
     693
     760
     737
     721
     757
     767
     717
     765
     738
     756
     746
     688
     719
     735
     725
     745
     758
     689
     763
     729
     762
     729
     746
     700
     743
     742
     838
     743
     739
     693
     674
     748
     725
     777
     830
     752
     780
     707
     718
     683
     703
     751
     719
     703
     715
     700
     738
     706
     701
     702
     724
     699
     746
     681
     711
     678
     729
     728
     706
     732
     702
     690
     735
     674
     706
     671
     692
     731
     679
     704
     708
     647
     671
     716
     658
     698
     680
     708
     637
     715
     660
     700
     736
     698
     736
     689
     691
     719
     705
     698
     718
     711
     708
     688
     710
     710
     698
     682
     709
     696
     723
     701
     688
     691
     703
     715
     697
     731
     725
     711
     697
     713
     676
     701
     717
     709
     631
     742
     707
     668
     708
     653
     706
     691
     654
     729
     699
     660
     654
     607
     677
     663
     679
     692
     647
     663
     640
     699
     667
     648
     637
     671
     705
     735
     707
     649
     660
     748
     668
     667
     619
     658
     690
     672
     687
     714
     877
     952
     929
     823
     720
     665
     624
     640
     666
     633
     662
     617
     643
     627
     663
     627
     679
     629
     650
     596
     670
     657
     644
     680
     625
     663
     658
     657
     635
     627
     607
     617
     636
     679
     638
     603
     637
     653
     633
     636
     633
     660
     663
     637
     629
     639
     660
     648
     564
     635
     626
     624
     631
     622
     662
     691
     654
     695
     629
     609
     627
     625
     606
     614
     587
     605
     634
     603
     635
     661
     605
     584
     629
     669
     591
     633
     625
     634
     629
     626
     699
     671
     776
     810
     821
     715
     628
     607
     608
     623
     678
     613
     681
     656
     579
     599
     600
     625
     670
     567
     585
     597
     574
     598
     626
     534
     642
     595
     604
     604
     611
     647
     627
     600
     614
     581
     648
     628
     706
     749
     677
     634
     619
     542
     588
     558
     595
     619
     633
     590
     611
     596
     567
     636
     578
     663
     712
     716
     686
     647
     618
     614
     606
     619
     565
     644
     612
     541
     592
     570
     593
     573
     607
     694
     659
     626
     626
     663
     639
     640
     618
     627
     567
     608
     556
     580
     564
     570
     543
     601
     570
     556
     550
     543
     578
     586
     548
     580
     587
     583
     586
     572
     595
     595
     607
     544
     594
     554
     577
     557
     578
     599
     550
     540
     568
     621
     548
     602
     580
     597
     592
     560
     550
     577
     535
     522
     621
     536
     560
     576
     608
     567
     559
     556
     555
     625
     582
     643
     599
     603
     617
     563
     532
     608
     603
     580
     627
     609
     617
     614
     573
     562
     573
     551
     568
     528
     531
     546
     534
     580
     537
     541
     568
     569
     539
     529
     557
     581
     519
     545
     586
     568
     552
     524
     555
     545
     568
     573
     563
     561
     525
     515
     536
     594
     577
     572
     617
     678
     717
     718
     633
     567
     549
     549
     504
     541
     555
     544
     583
     550
     526
     581
     571
     561
     567
     525
     521
     549
     526
     534
     546
     531
     542
     556
     533
     539
     580
     511
     522
     531
     503
     517
     540
     569
     514
     519
     528
     532
     560
     516
     540
     514
     489
     547
     534
     547
     532
     527
     551
     508
     481
     484
     524
     528
     490
     539
     544
     523
     507
     532
     483
     491
     513
     537
     519
     495
     509
     513
     508
     513
     526
     550
     568
     535
     495
     537
     532
     572
     557
     523
     533
     554
     540
     510
     533
     581
     575
     544
     534
     527
     538
     526
     508
     540
     523
     511
     658
     821
    1168
    1678
    1617
    1230
     702
     494
     506
     514
     543
     505
     562
     545
     510
     502
     466
     528
     455
     513
     514
     490
     477
     506
     514
     495
     498
     538
     530
     491
     459
     471
     498
     536
     474
     484
     484
     488
     515
     463
     505
     471
     507
     466
     518
     510
     507
     554
     562
     681
     648
     596
     465
     462
     498
     515
     506
     537
     503
     487
     506
     489
     497
     477
     471
     496
     504
     529
     467
     483
     507
     497
     489
     456
     519
     498
     491
     501
     514
     520
     510
     518
     499
     527
     521
     524
     476
     536
     486
     428
     471
     495
     453
     458
     498
     477
     466
     466
     476
     440
     435
     502
     444
     480
     469
     492
     491
     519
     535
     595
     664
     722
     608
     577
     479
     516
     610
     701
     998
    1153
    1094
     780
     555
     521
     472
     460
     469
     497
     497
     432
     462
     503
     467
     454
     450
     507
     475
     465
     438
     473
     485
     451
     479
     457
     468
     438
     445
     476
     471
     453
     431
     447
     449
     446
     477
     500
     447
     470
     450
     445
     427
     448
     460
     468
     434
     489
     465
     498
     446
     456
     487
     458
     464
     477
     477
     449
     441
     466
     504
     487
     449
     459
     518
     538
     500
     492
     492
     452
     453
     415
     430
     439
     501
     454
     443
     458
     453
     423
     465
     445
     416
     458
     443
     468
     459
     439
     435
     461
     481
     430
     447
     463
     433
     436
     475
     441
     443
     462
     443
     512
     457
     470
     501
     485
     455
     481
     510
     463
     490
     407
     471
     440
     415
     459
     444
     424
     463
     490
     470
     418
     449
     466
     408
     468
     430
     446
     455
     440
     453
     445
     455
     430
     449
     407
     455
     395
     429
     446
     423
     452
     451
     425
     439
     423
     463
     464
     455
     422
     474
     398
     476
     452
     455
     436
     430
     439
     394
     407
     430
     444
     411
     443
     451
     456
     444
     452
     455
     442
     443
     426
     433
     477
     426
     439
     445
     436
     403
     434
     455
     443
     465
     431
     430
     442
     440
     426
     424
     435
     462
     472
     423
     444
     452
     404
     394
     418
     401
     459
     413
     401
     417
     403
     408
     442
     431
     397
     420
     395
     453
     478
     414
     439
     422
     439
     405
     430
     414
     453
     474
     454
     449
     474
     419
     467
     442
     434
     409
     464
     434
     414
     428
     430
     415
     410
     411
     432
     424
     439
     443
     454
     415
     411
     427
     432
     414
     410
     427
     396
     413
     430
     430
     407
     433
     423
     432
     418
     411
     427
     409
     421
     419
     400
     394
     423
     416
     435
     390
     403
     434
     438
     367
     372
     437
     409
     383
     428
     435
     431
     420
     433
     414
     419
     436
     423
     449
     432
     415
     413
     417
     426
     412
     419
     409
     412
     387
     399
     436
     453
     492
     614
     806
    1155
    1373
    1249
     900
     572
     443
     382
     431
     370
     364
     409
     405
     446
     412
     429
     420
     428
     396
     398
     429
     426
     399
     443
     418
     336
     426
     440
     401
     428
     415
     381
     419
     415
     400
     392
     385
     374
     425
     416
     398
     392
     362
     369
     409
     394
     368
     378
     397
     404
     379
     393
     361
     409
     393
     374
     381
     392
     390
     398
     418
     397
     353
     388
     424
     406
     428
     369
     403
     454
     462
     457
     495
     468
     432
     441
     409
     388
     389
     372
     412
     352
     398
     423
     389
     393
     411
     410
     444
     385
     364
     410
     395
     356
     378
     386
     403
     380
     379
     380
     369
     364
     413
     398
     419
     404
     409
     448
     455
     429
     419
     399
     406
     408
     351
     366
     362
     394
     440
     387
     360
     360
     436
     420
     398
     379
     372
     392
     375
     353
     375
     407
     378
     410
     400
     398
     384
     402
     401
     387
     351
     340
     375
     400
     364
     402
     377
     403
     386
     387
     384
     404
     368
     397
     399
     377
     355
     414
     385
     404
     413
     370
     364
     411
     383
     410
     363
     428
     387
     428
     395
     409
     384
     397
     389
     379
     418
     391
     413
     366
     418
     380
     378
     374
     374
     351
     383
     345
     398
     351
     373
     392
     400
     398
     449
     380
     374
     381
     395
     382
     396
     380
     386
     380
     411
     385
     342
     392
     357
     379
     411
     409
     415
     384
     397
     411
     368
     396
     356
     433
     386
     362
     419
     369
     374
     377
     414
     407
     362
     366
     417
     395
     398
     390
     387
     486
     555
     711
     806
     733
     557
     431
     424
     361
     391
     366
     379
     365
     354
     356
     356
     358
     327
     373
     367
     356
     376
     397
     356
     355
     321
     345
     357
     352
     322
     374
     377
     316
     362
     349
     355
     347
     365
     340
     349
     342
     327
     316
     351
     336
     357
     348
     348
     315
     340
     330
     329
     345
     354
     331
     331
     352
     340
     335
     327
     316
     324
     315
     363
     322
     319
     334
     304
     316
     346
     314
     323
     332
     323
     368
     322
     330
     337
     282
     360
     326
     323
     302
     294
     321
     336
     325
     367
     389
     422
     359
     352
     322
     348
     340
     305
     333
     305
     330
     295
     286
     312
     308
     317
     302
     309
     295
     317
     307
     312
     311
     306
     291
     316
     310
     291
     310
     334
     320
     314
     295
     345
     316
     300
     308
     317
     269
     313
     308
     300
     347
     292
     291
     314
     312
     290
     285
     331
     302
     305
     308
     259
     315
     288
     295
     302
     291
     282
     287
     300
     315
     318
     307
     297
     295
     292
     293
     301
     320
     316
     301
     319
     290
     320
     278
     303
     301
     290
     294
     288
     302
     319
     300
     303
     285
     283
     313
     305
     281
     276
     252
     276
     279
     316
     283
     288
     289
     285
     284
     265
     294
     340
     344
     315
     326
     297
     303
     309
     272
     297
     269
     300
     306
     299
     292
     267
     272
     292
     293
     255
     277
     265
     242
     259
     244
     237
     280
     251
     262
     283
     258
     265
     276
     248
     249
     284
     277
     259
     273
     268
     268
     264
     244
     251
     264
     244
     291
     251
     266
     278
     274
     243
     270
     264
     270
     217
     256
     283
     236
     287
     249
     271
     256
     218
     301
     280
     279
     248
     256
     260
     241
     269
     272
     257
     239
     290
     286
     251
     279
     260
     245
     241
     247
     283
     269
     266
     246
     236
     275
     313
     417
     523
     509
     539
     441
     342
     255
     262
     236
     240
     237
     261
     266
     235
     268
     279
     327
     317
     339
     295
     318
     251
     232
     244
     246
     263
     230
     259
     266
     254
     254
     270
     274
     219
     232
     259
     270
     248
     229
     283
     242
     235
     258
     245
     279
     248
     221
     281
     278
     343
     348
     341
     300
     278
     223
     236
     262
     285
     245
     278
     296
     325
     372
     439
     412
     331
     301
     291
     236
     243
     259
     237
     229
     240
     234
     230
     252
     250
     244
     255
     247
     264
     230
     262
     233
     266
     241
     233
     235
     221
     223
     258
     263
     250
     237
     250
     245
     245
     278
     220
     220
     213
     243
     256
     253
     260
     227
     258
     229
     237
     229
     237
     262
     247
     233
     255
     221
     244
     211
     249
     254
     230
     244
     222
     265
     254
     242
     238
     218
     228
     263
     231
     210
     225
     253
     217
     239
     211
     255
     229
     260
     225
     235
     247
     240
     240
     227
     259
     240
     230
     217
     212
     226
     246
     262
     258
     249
     237
     269
     250
     277
     260
     338
     534
     967
    1831
    3579
    6408
    9230
    9924
    7634
    4250
    1728
     548
     233
     193
     172
     200
     168
     188
     160
     169
     203
     178
     159
     157
     177
     165
     161
     157
     166
     186
     169
     148
     187
     165
     196
     168
     149
     172
     189
     170
     174
     174
     156
     172
     174
     178
     181
     152
     172
     196
     173
     150
     168
     145
     167
     187
     152
     183
     165
     166
     122
     175
     178
     172
     185
     191
     154
     142
     173
     178
     176
     182
     157
     180
     181
     193
     199
     216
     205
     191
     180
     161
     173
     157
     167
     179
     181
     199
     173
     177
     188
     172
     160
     165
     183
     139
     158
     153
     181
     194
     193
     245
     277
     330
     307
     274
     212
     215
     182
     167
     188
     182
     177
     163
     192
     175
     186
     166
     182
     164
     157
     174
     173
     162
     158
     172
     169
     174
     150
     175
     170
     164
     163
     147
     165
     161
     196
     166
     143
     149
     164
     182
     158
     170
     146
     150
     123
     150
     151
     172
     156
     148
     157
     183
     149
     177
     147
     172
     174
     159
     182
     198
     200
     194
     171
     167
     155
     143
     165
     139
     173
     186
     187
     163
     149
     152
     158
     139
     149
     147
     161
     141
     155
     159
     164
     161
     171
     164
     143
     158
     140
     133
     150
     134
     140
     148
     131
     149
     175
     146
     173
     161
     156
     147
     140
     177
     146
     150
     134
     145
     122
     126
     159
     156
     149
     143
     159
     149
     132
     151
     159
     144
     127
     152
     149
     158
     151
     176
     123
     151
     148
     143
     145
     166
     126
     144
     138
     145
     124
     154
     148
     152
     164
     154
     149
     205
     171
     174
     171
     171
     222
     202
     199
     194
     181
     169
     150
     161
     169
     208
     286
     334
     375
     302
     226
     153
     150
     195
     179
     198
     213
     183
     194
     181
     159
     158
     179
     143
     132
     143
     143
     133
     148
     177
     199
     176
     143
     149
     145
     134
     152
     150
     133
     129
     145
     140
     136
     138
     144
     142
     130
     149
     139
     145
     139
     140
     148
     122
     135
     154
     151
     156
     131
     136
     152
     144
     123
     167
     146
     144
     129
     141
     142
     156
     178
     206
     223
     244
     225
     191
     142
     150
     135
     127
     151
     151
     159
     159
     128
     165
     150
     146
     126
     162
     183
     196
     232
     252
     225
     185
     161
     142
     112
     152
     127
     116
     105
     149
     140
     124
     169
     142
     156
     151
     126
     125
     127
     123
     139
     113
     151
     124
     144
     129
     138
     122
     129
     123
     159
     151
     144
     131
     137
     134
     124
     131
     115
     120
     131
     140
     123
     133
     137
     133
     115
     115
     129
     122
     129
     147
     150
     120
     138
     144
     154
     150
     178
     218
     227
     198
     175
     145
     125
     119
     124
     121
     132
     141
     126
     131
     104
     119
     113
     121
     119
     123
     128
     143
     134
     120
     118
     119
     126
     125
     120
      98
     134
     122
     107
     130
     133
     135
     119
     113
     117
     124
     117
     126
     110
     140
     115
     146
     137
     137
     140
     120
     163
     119
     135
     131
     124
     126
     135
     121
     139
     110
     124
     124
     158
     127
     144
     127
     155
     124
     151
     141
     110
     109
     113
     119
     133
     120
     113
     136
     125
     119
     132
     125
     130
     142
     116
     135
     123
     140
     113
     117
     132
     137
     119
     119
     126
     102
     122
     150
     117
     125
     126
     118
     122
     149
     128
     130
     123
     108
     111
     130
     131
     125
     108
     123
     108
     122
     114
     117
     124
     113
     116
     125
     124
     125
     132
     114
     140
     112
     132
     127
     127
     140
     130
     134
     145
     176
     211
     271
     318
     347
     329
     251
     165
     134
     124
     133
     111
     114
     106
     126
     104
     120
     111
     117
     126
     120
     136
     131
     131
     122
      97
     114
      97
     108
     120
     123
     113
      99
     122
     126
     106
     117
     113
     110
     103
     123
     132
     111
     127
     115
     133
     111
     123
     123
     118
     141
     127
     123
     109
     126
     109
     104
     115
     100
     125
     123
     129
     120
     129
     125
     128
     149
     148
     204
     253
     410
     645
    1060
    1402
    1470
    1177
     818
     421
     187
     129
      98
      93
     113
      98
     130
     101
     110
      99
     111
     101
     107
     102
     102
     107
     114
     123
     107
     105
     100
     113
     100
     105
      92
     106
     125
     102
     115
     105
     104
     122
      90
     128
      89
     108
     102
     115
     112
     100
      89
      94
     107
      82
      94
     102
     112
      97
     100
     109
     123
      94
      97
     100
     106
     109
      69
     102
     118
      92
     102
     141
     105
     111
     132
      94
      97
     101
      93
     115
     121
     122
      95
      93
      97
     101
      93
     112
     110
     101
     111
     105
     104
     103
     126
     107
      97
      88
      91
      91
     106
     117
     101
      85
     101
     101
     102
     114
      99
     106
      91
     117
     104
     108
     112
     110
      93
     116
      84
     110
     123
     103
     105
     135
     122
     118
     108
     107
      98
     111
     106
     113
     130
     111
     108
     112
      87
     114
      92
     111
     111
     110
     112
     104
     110
     109
     112
      93
     121
     125
     106
     126
     147
     110
     154
     136
     129
      99
      99
      91
     119
      98
      78
     104
     126
     106
     118
     138
     138
     208
     210
     279
     268
     249
     194
     142
     114
     116
     109
      95
     111
      93
     110
     100
      75
     115
      94
      99
      97
      95
      89
      96
      93
     110
     110
     104
      96
     113
     103
      93
      93
     100
     101
     123
      93
      95
     106
      99
     103
     103
      90
      96
     108
     122
      99
     114
     105
     104
     102
     100
     101
     113
     121
     118
     134
      97
     109
     104
      98
     103
     108
     101
     104
     108
     111
      95
      93
      91
      91
      95
     101
     109
     104
      87
     106
      95
      77
      86
      86
     117
     102
     123
     105
     109
      95
      87
     110
     106
     114
     130
     112
     123
      81
      95
     108
     101
     122
     101
     116
     114
     108
     111
     124
     103
      89
      78
     104
     102
     114
     104
      88
      91
     105
     100
      85
      93
     100
      86
      99
     108
     105
     105
     101
     108
     103
     121
      94
      90
      99
      90
     100
      91
      99
     106
     105
     106
     108
      99
      91
      89
     101
     105
     109
      95
      94
      89
     110
      95
      88
     102
      96
     111
     114
     108
      89
      87
      76
     101
     109
      87
     112
     102
      99
     101
     111
      84
     105
     106
      97
      93
     116
      88
      96
     103
      93
     101
     105
     125
     104
     124
     108
     113
     103
     109
      92
     116
      83
      90
     107
     113
      92
      98
      81
      97
     112
     106
      88
     101
      94
     111
      95
      89
      91
      74
      96
     107
     102
      92
      99
      76
     114
     107
      98
      91
      99
     112
     100
      98
     108
      99
      95
     107
     107
     109
     102
      93
      87
     115
      91
      91
     114
      90
      98
     104
     102
     104
      90
      92
      86
      91
      90
      76
      93
      70
      91
      90
     106
     103
     103
      87
      98
     111
     100
     101
      91
      90
     101
      93
      82
     100
      89
      80
      86
      91
     104
      75
      89
      81
      88
     105
      88
      89
     109
      87
      82
      82
      96
      93
      97
     107
      81
     100
      87
      97
      99
      91
      92
      84
      99
      91
      76
      85
      90
      92
      78
     105
      86
      79
      99
      86
      95
      80
      82
      91
      89
      78
      92
      95
      74
      77
      82
     109
      91
      75
      82
     107
     107
      79
      86
      94
      91
      83
      79
      76
      87
      79
      94
      89
     106
      86
      85
      99
      91
      77
      83
      86
      86
      98
      94
      97
      79
      84
      82
      85
      77
     101
      83
      86
      91
      82
     106
      87
      96
      82
      97
      97
     108
      90
      77
      90
      76
      83
      93
      89
      90
      91
      85
      69
      95
      84
      91
      84
      75
      91
      87
     106
      92
      92
      71
     113
      94
      82
      98
      89
      84
      83
      92
      95
      81
      80
      85
      71
      97
      89
      94
      89
      71
      98
      96
      82
      82
      72
      80
      80
      76
      82
      97
      72
      84
     104
      85
      92
     105
     111
      92
      78
      76
     109
      76
      71
      89
     101
      85
      80
      88
      88
      86
      98
      84
      90
      91
      84
      85
      97
      87
      92
      84
      95
      83
      90
      80
      78
      88
      62
      71
      76
      80
      83
      65
      82
      91
      84
      90
      84
      86
     101
      94
      66
      90
      77
      85
      73
      87
      88
      81
      85
      93
      95
      96
      77
      89
      79
      79
      83
      91
      89
      73
      90
      87
      76
      90
      74
      95
      98
      85
      95
      64
      80
      86
      98
     109
      89
      95
      78
      92
      85
      77
      81
      85
      89
      94
      80
      80
      90
      97
      79
      98
     105
     104
     130
     155
     179
     234
     269
     265
     284
     260
     196
     158
     126
     104
      93
      83
      92
      90
      75
      92
      90
      94
     105
     101
      79
      86
      87
      83
      96
      94
      74
      87
      91
     108
     117
     139
     155
     164
     170
     146
     139
     110
      86
      88
      85
      78
      65
      78
      78
      93
      95
      87
      80
      68
      88
      87
      82
      60
      81
      87
      98
      83
      76
      90
      93
      85
      73
     101
      98
      85
      79
      84
      80
      70
      78
      76
      79
      80
      90
      85
      95
      71
      61
      79
      72
      85
      79
      70
      74
      78
      79
      77
      85
      72
      98
      87
      74
      82
      93
      69
      63
     104
      82
      73
      83
      87
      73
      69
      83
      85
      73
      77
      84
      93
      94
      87
      90
      92
      81
      81
      79
      90
      91
      73
      78
      71
      78
      95
      71
      92
      79
      82
      83
      82
      97
      86
      72
      79
      66
      90
      83
      92
      77
      85
     106
      70
      85
      69
      98
      66
      77
      78
      89
      76
      81
      63
     102
      77
      75
      74
      96
      62
      76
      83
      73
      86
      78
      80
      77
      81
      76
      90
      76
      79
      76
      67
      81
      85
      99
      73
      78
      69
      74
      87
      92
      89
      88
      98
      89
      75
      74
      88
      96
      76
      96
      72
      79
      91
      84
      81
      94
      84
     110
     135
     175
     236
     306
     401
     544
     489
     465
     331
     186
     149
      96
      80
      81
      61
      69
      63
      92
      81
      83
      72
      63
      66
      80
      84
      70
      70
      91
      87
      73
      63
      82
      77
      74
      60
      79
      76
      90
      98
      79
      72
      59
      97
      98
      75
      95
      90
      94
      74
      92
      70
      81
      63
      81
      97
      70
      93
      90
      87
      83
      67
      69
     105
      77
      87
      67
      86
      79
      86
      92
      89
      68
      90
      76
      75
      59
      79
      86
      77
      65
      73
      86
      73
      89
      72
      88
      95
      71
      89
      78
      77
      66
      55
      73
      88
      74
      75
      86
      77
      77
      88
      49
      71
      84
      70
      91
      82
      86
      69
      76
      71
      58
      63
      84
      55
      85
      72
      61
      76
      88
      64
      81
      84
      75
      92
      69
      59
      81
      59
      87
      74
      78
      79
      79
      80
      69
      66
      79
      96
      82
      70
      70
      74
      79
      72
      82
      71
      68
      77
      89
      83
      70
      77
      80
      76
      85
      91
      82
      78
      82
      84
      83
      75
      82
      77
      81
      65
      61
      61
      70
      72
      79
      63
      86
      91
      74
      71
      65
      88
      79
      82
      82
     110
      82
     108
     125
      93
      97
      90
      65
      93
      87
      79
      67
      64
      79
      75
      66
      60
      69
      81
      71
      67
      86
      68
      59
      99
      85
      86
      88
      75
      80
      69
      80
      74
      85
      69
      75
      71
      75
      75
      71
      82
      67
      81
      77
      80
      66
      84
      83
      87
      65
      81
      73
      78
      73
      88
      56
      76
      76
      80
      86
      84
      76
      71
      63
      81
      65
      78
      66
      72
      89
      67
      84
      68
      83
      81
      97
      75
      82
      87
      66
      81
      73
      78
      84
      78
      68
      87
      79
      82
      66
      69
      68
      70
      66
      80
      74
      77
      69
      85
      75
      77
      59
      76
      78
      71
      75
      91
      74
      65
      71
      56
      87
      73
      70
      84
      82
      76
      83
      87
      84
      75
      78
      83
      79
      80
      88
      85
      77
      76
      83
      86
      84
      71
      79
      76
      75
      69
     105
      77
      75
      72
      69
      88
      75
      62
      63
      79
      75
      93
      80
      80
      55
      72
      85
      82
      77
      90
      86
      78
      74
      73
      63
      71
      79
      70
      69
      77
      81
      79
      85
      69
      79
      90
      88
      77
      76
      60
      75
      75
      73
      84
      66
      85
      74
      69
      66
      56
      71
      56
      66
      70
      87
      63
      61
      75
      62
      79
      84
      66
      64
      60
      67
      67
      63
      51
      79
      72
      59
      59
      72
      66
      50
      70
      66
      64
      56
      57
      62
      79
      66
      62
      72
      64
      68
      56
      79
      76
      59
      64
      55
      65
      53
      68
      58
      71
      68
      64
      72
      49
      63
      67
      54
      73
      73
      58
      57
      58
      56
      66
      65
      62
      70
      69
      59
      60
      65
      62
      45
      63
      65
      76
      72
      66
      62
      52
      77
      65
      66
      84
      67
      51
      52
      74
      64
      58
      61
      65
      54
      68
      72
      72
      57
      60
      60
      64
      73
      67
      62
      61
      64
      60
      57
      65
      64
      54
      54
      47
      48
      55
      62
      68
      55
      65
      52
      60
      83
      84
      88
     124
     157
     178
     184
     198
     177
     133
      90
      63
      74
      54
      64
      68
      55
      60
      69
      60
      52
      43
      64
      70
      73
      56
      53
      56
      62
      68
      62
      41
      51
      56
      39
      60
      55
      63
      55
      61
      60
      54
      44
      54
      60
      53
      62
      60
      60
      50
      54
      42
      54
      62
      59
      60
      62
      53
      45
      51
      51
      67
      57
      59
      37
      48
      55
      56
      60
      44
      53
      65
      49
      61
      44
      47
      47
      49
      53
      43
      53
      59
      41
      51
      47
      52
      53
      42
      56
      55
      47
      52
      45
      36
      62
      42
      54
      62
      57
      45
      44
      50
      59
      52
      45
      70
      54
      41
      57
      43
      55
      68
      54
      57
      48
      63
      53
      53
      58
      64
      62
      56
      56
      33
      51
      52
      46
      45
      56
      56
      45
      43
      54
      52
      46
      41
      58
      41
      52
      38
      44
      47
      48
      40
      54
      40
      53
      41
      64
      45
      59
      37
      33
      51
      45
      44
      70
      63
      53
      51
      47
      51
      42
      59
      38
      42
      41
      47
      47
      51
      40
      44
      51
      36
      54
      36
      47
      37
      38
      44
      50
      39
      43
      51
      40
      37
      48
      29
      44
      40
      44
      40
      44
      41
      62
      52
      47
      31
      37
      43
      37
      45
      46
      39
      35
      42
      41
      44
      38
      38
      35
      44
      39
      61
      46
      44
      53
      55
      44
      34
      40
      47
      48
      39
      44
      42
      37
      47
      49
      47
      46
      44
      37
      51
      40
      43
      46
      42
      39
      35
      50
      64
      36
      54
      46
      38
      51
      54
      35
      45
      52
      43
      50
      42
      35
      44
      34
      45
      39
      51
      50
      50
      43
      44
      50
      38
      38
      45
      38
      42
      52
      43
      34
      38
      49
      38
      35
      45
      48
      45
      46
      43
      52
      50
      43
      41
      41
      37
      39
      44
      37
      56
      42
      38
      35
      42
      67
      34
      53
      46
      41
      60
      43
      55
      44
      33
      34
      41
      49
      50
      42
      38
      52
      36
      46
      49
      51
      39
      47
      41
      48
      57
      43
      40
      46
      51
      49
      58
      80
      71
      60
      94
     132
     190
     278
     417
     756
    1038
    1568
    2051
    2500
    2511
    2030
    1391
     807
     347
     139
      45
      43
      34
      28
      35
      35
      32
      38
      33
      22
      36
      23
      27
      32
      28
      41
      22
      30
      20
      31
      36
      33
      26
      34
      29
      37
      31
      29
      26
      27
      24
      36
      26
      27
      29
      30
      23
      37
      38
      33
      34
      23
      37
      30
      25
      31
      41
      39
      32
      36
      35
      37
      37
      35
      39
      39
      38
      36
      29
      34
      35
      31
      28
      29
      23
      32
      27
      37
      23
      33
      38
      28
      24
      27
      36
      27
      27
      27
      30
      32
      43
      27
      32
      32
      25
      39
      40
      26
      41
      35
      35
      28
      26
      32
      30
      39
      27
      38
      27
      31
      24
      29
      30
      35
      25
      23
      41
      22
      26
      28
      35
      25
      37
      33
      24
      28
      40
      44
      38
      34
      41
      28
      37
      32
      42
      31
      20
      32
      27
      25
      26
      30
      26
      36
      30
      29
      42
      32
      37
      35
      22
      21
      28
      32
      43
      27
      33
      21
      29
      36
      23
      35
      30
      32
      33
      37
      26
      25
      38
      25
      39
      28
      32
      38
      26
      28
      27
      25
      27
      30
      36
      19
      32
      18
      28
      25
      30
      29
      30
      37
      32
      39
      28
      36
      38
      23
      19
      23
      34
      30
      28
      25
      28
      32
      32
      30
      25
      20
      38
      29
      34
      26
      36
      33
      22
      25
      26
      32
      26
      20
      31
      27
      22
      33
      31
      32
      30
      20
      25
      35
      28
      29
      33
      24
      45
      35
      21
      30
      32
      29
      25
      36
      30
      35
      20
      23
      34
      25
      25
      28
      33
      31
      30
      25
      32
      30
      27
      36
      25
      31
      27
      28
      18
      33
      34
      23
      28
      25
      26
      32
      25
      26
      35
      34
      33
      32
      36
      26
      25
      19
      35
      28
      33
      22
      36
      41
      29
      27
      30
      24
      19
      24
      29
      38
      27
      37
      23
      36
      38
      26
      26
      32
      25
      30
      23
      31
      36
      23
      31
      33
      36
      20
      20
      33
      25
      42
      28
      36
      28
      32
      39
      24
      29
      32
      25
      31
      43
      33
      23
      31
      26
      25
      31
      28
      22
      34
      30
      29
      24
      15
      26
      23
      32
      24
      37
      33
      27
      23
      30
      46
      24
      25
      29
      27
      37
      23
      30
      38
      25
      29
      17
      32
      24
      24
      36
      16
      24
      24
      32
      34
      26
      25
      25
      21
      26
      32
      36
      37
      31
      33
      21
      31
      32
      29
      21
      30
      28
      29
      26
      30
      26
      34
      23
      14
      27
      27
      23
      31
      27
      32
      30
      30
      21
      36
      25
      26
      26
      28
      30
      28
      26
      28
      22
      21
      30
      27
      37
      20
      23
      34
      26
      31
      29
      29
      24
      24
      23
      31
      30
      23
      19
      31
      24
      22
      31
      20
      27
      23
      33
      24
      19
      26
      23
      31
      21
      28
      24
      27
      22
      26
      28
      31
      20
      22
      33
      24
      23
      32
      19
      30
      23
      32
      27
      26
      27
      29
      36
      24
      27
      20
      22
      28
      31
      19
      29
      23
      23
      27
      13
      26
      37
      34
      25
      37
      33
      31
      27
      25
      19
      28
      22
      23
      28
      31
      22
      27
      28
      18
      18
      23
      29
      25
      26
      30
      25
      21
      37
      29
      35
      21
      29
      28
      22
      25
      18
      27
      21
      33
      32
      30
      19
      24
      30
      23
      29
      19
      35
      30
      28
      29
      28
      28
      34
      20
      33
      27
      33
      22
      32
      29
      18
      23
      28
      27
      24
      30
      28
      29
      30
      20
      28
      29
      21
      38
      25
      38
      24
      27
      34
      29
      31
      26
      28
      26
      18
      23
      22
      30
      34
      20
      26
      29
      21
      20
      28
      20
      35
      25
      25
      32
      24
      28
      31
      20
      36
      29
      28
      22
      26
      24
      34
      33
      22
      24
      27
      36
      29
      23
      29
      28
      25
      28
      32
      21
      27
      27
      30
      23
      31
      21
      20
      30
      20
      30
      26
      26
      25
      26
      31
      20
      36
      26
      26
      28
      39
      20
      20
      27
      26
      20
      29
      29
      31
      28
      24
      27
      22
      20
      24
      30
      28
      32
      23
      31
      22
      24
      37
      23
      20
      28
      30
      20
      26
      21
      25
      24
      25
      28
      30
      29
      33
      26
      30
      30
      18
      19
      30
      31
      29
      24
      24
      28
      18
      26
      20
      26
      20
      19
      21
      31
      24
      35
      29
      23
      28
      21
      25
      17
      24
      22
      19
      21
      27
      25
      26
      26
      26
      24
      22
      24
      25
      24
      23
      25
      20
      25
      22
      26
      19
      29
      29
      27
      41
      26
      24
      18
      20
      30
      33
      28
      24
      24
      29
      26
      18
      29
      22
      21
      25
      30
      29
      28
      22
      30
      28
      30
      27
      24
      23
      14
      21
      27
      30
      20
      34
      22
      27
      18
      25
      21
      22
      29
      29
      21
      28
      25
      38
      20
      32
      32
      25
      25
      19
      26
      28
      16
      25
      17
      30
      23
      26
      24
      30
      17
      21
      18
      21
      30
      17
      27
      24
      27
      23
      20
      23
      19
      24
      19
      23
      20
      31
      14
      23
      31
      24
      30
      29
      27
      27
      21
      17
      35
      34
      23
      27
      20
      26
      23
      29
      34
      22
      20
      25
      27
      25
      27
      35
      32
      27
      17
      18
      19
      32
      17
      24
      25
      17
      22
      22
      40
      28
      17
      18
      23
      21
      28
      26
      20
      28
      13
      23
      17
      15
      28
      30
      27
      26
      31
      27
      19
      21
      28
      26
      31
      16
      27
      25
      21
      20
      20
      25
      18
      13
      19
      20
      37
      28
      21
      22
      28
      23
      32
      24
      24
      33
      24
      27
      23
      24
      27
      19
      32
      24
      23
      23
      30
      22
      24
      22
      17
      22
      16
      22
      21
      21
      32
      26
      23
      25
      34
      25
      29
      21
      28
      20
      23
      17
      30
      33
      25
      22
      22
      24
      29
      23
      28
      26
      29
      16
      28
      26
      19
      27
      23
      24
      13
      22
      21
      33
      31
      22
      29
      27
      28
      18
      22
      27
      28
      25
      24
      28
      20
      25
      25
      20
      35
      18
      19
      24
      25
      18
      16
      18
      22
      24
      27
      28
      18
      17
      19
      25
      20
      19
      26
      29
      26
      21
      23
      28
      24
      36
      28
      34
      28
      31
      24
      22
      24
      17
      20
      16
      19
      23
      24
      16
      19
      31
      32
      44
      27
      24
      20
      20
      26
      30
      19
      24
      28
      25
      23
      21
      21
      21
      22
      25
      21
      24
      16
      28
      23
      14
      17
      25
      22
      23
      16
      25
      17
      20
      21
      37
      22
      21
      22
      20
      21
      21
      30
      23
      27
      19
      20
      25
      22
      20
      18
      32
      25
      19
      22
      24
      20
      28
      27
      25
      15
      22
      22
      17
      23
      29
      25
      15
      18
      26
      23
      28
      24
      19
      26
      23
      20
      33
      35
      21
      26
      24
      24
      18
      22
      19
      27
      23
      23
      23
      18
      30
      23
      19
      21
      22
      20
      26
      11
      18
      22
      31
      20
      31
      29
      18
      30
      37
      32
      21
      25
      27
      27
      11
      22
      24
      22
      24
      22
      15
      22
      24
      19
      23
      29
      33
      17
      21
      20
      29
      30
      28
      21
      28
      28
      13
      26
      18
      23
      27
      33
      22
      17
      23
      16
      14
      17
      29
      26
      29
      24
      16
      24
      18
      26
      18
      19
      16
      18
      33
      27
      23
      28
      30
      24
      15
      23
      23
      23
      27
      17
      20
      25
      25
      19
      23
      28
      16
      22
      23
      26
      30
      26
      20
      18
      23
      21
      36
      29
      26
      24
      15
      23
      19
      22
      20
      27
      24
      16
      19
      20
      26
      24
      20
      17
      21
      29
      16
      29
      27
      23
      14
      26
      17
      18
      19
      21
      22
      27
      21
      22
      22
      26
      23
      27
      19
      28
      19
      24
      29
      20
      19
      19
      29
      26
      18
      17
      20
      14
      20
      24
      29
      25
      25
      21
      13
      20
      20
      21
      21
      19
      21
      26
      27
      21
      29
      25
      25
      28
      25
      21
      22
      20
      21
      27
      22
      19
      27
      22
      26
      26
      23
      17
      30
      21
      21
      22
      24
      29
      24
      23
      28
      15
      25
      26
      24
      28
      27
      14
      28
      26
      29
      21
      19
      24
      28
      22
      29
      14
      20
      21
      17
      22
      30
      17
      15
      22
      12
      22
      19
      20
      28
      23
      20
      19
      18
      17
      19
      22
      31
      23
      30
      32
      24
      24
      24
      22
      20
      19
      19
      21
      21
      22
      24
      18
      24
      19
      27
      27
      16
      26
      19
      28
      25
      21
      19
      22
      17
      21
      15
      17
      19
      17
      31
      18
      21
      16
      21
      25
      17
      15
      25
      17
      26
      25
      20
      18
      16
      17
      22
      24
      23
      26
      22
      25
      18
      20
      20
      28
      20
      28
      27
      26
      24
      18
      24
      16
      23
      21
      23
      11
      26
      22
      23
      23
      22
      27
      21
      28
      13
      21
      25
      18
      23
      29
      30
      17
      18
      24
      26
      14
      19
      29
      31
      26
       9
      18
      24
      25
      23
      23
      22
      19
      26
      18
      26
      18
      17
      28
      16
      23
      25
      23
      23
      18
      18
      26
      25
      21
      21
      11
      18
      18
      20
      15
      18
      22
      21
      28
      12
      13
      11
      19
      18
      24
      21
      21
      16
      27
      18
      18
      28
      27
      20
      17
      17
      29
      18
      16
      22
      19
      18
      23
      23
      24
      21
      17
      22
      25
      24
      15
      17
      23
      27
      22
      15
      24
      24
      29
      19
      20
      16
      16
      21
      28
      22
      27
      27
      14
      31
      19
      27
      27
      25
      17
      16
      17
      18
      22
      23
      16
      17
      20
      23
      21
      28
      18
      12
      20
      21
      39
      26
      18
      21
      22
      29
      26
      23
      25
      19
      23
      20
      23
      16
      17
      27
      13
      13
      14
      23
      24
      27
      18
      23
      25
      17
      26
      16
      25
      21
      20
      21
      22
      19
      17
      26
      18
      25
      18
      26
      23
      17
      27
      25
      21
      15
      21
      23
      21
      18
      31
      19
      25
      24
      25
      22
      19
      20
      24
      22
       7
      20
      16
      20
      20
      31
      26
      22
      24
      17
      20
      23
      19
      19
      26
      26
      11
      20
      17
      30
       8
      16
      29
      18
      27
      18
      23
      23
      13
      21
      17
      28
      16
      23
      19
      22
      21
      20
      22
      21
      15
      19
      24
      21
      18
      15
      19
      21
      23
      28
      24
      17
      16
      23
      24
      15
      25
      16
      19
      18
      21
      21
      27
      18
      25
      20
      19
      25
      16
      20
      22
      20
      18
      17
      17
      19
      19
      14
      28
      21
      17
      22
      10
      20
      18
      19
      25
      13
      26
      17
      20
      24
      17
      16
      26
      13
      25
      15
       8
      22
      10
      10
      24
      19
      20
      19
      27
      19
      12
      13
      16
      22
      26
      25
      17
      26
      22
      27
      18
      20
      21
      23
      17
      21
      21
      16
      13
      22
      17
      13
      27
      22
      16
      14
      16
      22
      22
      24
      21
      17
      21
      23
      30
      20
      17
      23
      23
      14
      27
      28
      25
      20
      17
      20
      22
      26
      19
      19
      23
      22
      22
      17
      17
      25
      25
      18
      21
      24
      25
      22
      16
      13
      17
      20
      14
      21
      22
      21
      27
      19
      19
      17
      16
      19
      18
      16
      17
      16
      27
      27
      24
      21
      20
      19
      33
      17
      23
      27
      21
      18
      27
      17
      23
      19
      18
      27
      23
      23
      15
      20
      22
      16
      25
      21
      16
      20
      19
      15
      29
      13
      18
      17
      18
      21
      19
      16
      28
      30
      25
      13
      20
      13
      15
      22
      23
      17
      20
      20
      25
      13
      14
      20
      16
      24
      15
      23
      14
      14
      17
      29
      18
      25
      20
      25
      22
      21
      23
      17
      23
      21
      16
      14
      19
      22
      21
      23
      23
      12
      23
      16
      31
      17
      21
      20
      25
      16
      18
      22
      15
      22
      21
      15
      17
      16
      21
      28
      19
      16
      19
      14
      17
      24
      19
      24
      20
      17
      16
      17
      23
      18
      19
      17
      14
      18
      20
      25
      23
      18
      18
      14
      18
      19
      22
      16
      19
      15
      16
      18
      14
      31
      18
      16
      17
      25
      18
      32
      15
      23
      17
      17
      14
      21
      14
      17
      17
      20
      19
       6
      15
      22
      17
      19
      18
      21
      17
      22
      15
      12
      10
      19
      20
      21
      12
      14
      22
      13
      16
      22
      25
      17
      20
      23
      14
      20
      18
      16
      22
      19
      16
      13
      13
      12
      24
      22
      25
      15
      14
      24
      16
      20
      18
      13
      14
      17
      17
      18
      33
      15
      22
      14
      12
      20
      20
      19
      17
      16
      28
      26
      28
      19
       9
      22
      25
      26
      23
      22
      19
      17
      18
      27
      20
      15
      19
      16
      26
      25
      27
      14
      24
      18
      23
      19
      23
      26
      16
      29
      19
      23
      25
      27
      20
      12
      11
      21
      19
      20
      14
      26
      16
      31
      12
      22
      20
      18
      19
      26
      19
      25
      27
      13
      21
      22
      29
      14
      18
      20
      15
      19
      18
      26
      19
      19
      18
      10
      23
      29
      17
      14
      22
      17
      28
      17
      18
      19
      15
      14
      14
      24
      11
      17
      19
      14
      18
      21
      19
      21
      16
      20
      17
      20
      22
      17
      25
      15
      19
      13
      15
      16
      20
      18
      20
      14
      17
      17
      22
      13
      19
      14
      12
      18
      16
      11
      18
      21
      24
      20
      20
      11
      22
      17
      17
      18
      13
      11
      17
      18
      17
      18
      16
      17
      26
      21
      20
      19
      26
      11
      16
      19
      15
      18
      12
      18
      12
      27
      18
      17
      14
      14
      18
      17
      23
      16
      21
      20
      18
      18
      17
      12
      15
      21
      22
      14
      14
      13
      21
      18
      12
      14
      13
      18
      13
      21
      23
      14
      24
      14
      14
      22
      22
      14
      22
      16
      15
      22
      19
      17
      17
      16
      24
      12
      18
      21
      24
      17
      29
      21
      11
      13
      20
      15
      22
      17
      20
      13
      16
      20
      14
      22
      18
      11
      23
      21
      29
      19
      15
      17
      24
      18
      18
      18
      15
      14
      27
      24
      19
      24
      14
      23
      22
      22
      23
      16
      16
      21
      21
      19
      23
      10
      13
      15
      20
       8
      17
      17
      20
      19
      19
      14
      13
      15
      18
      25
      22
      18
      17
      20
      21
      19
       7
      13
      17
      16
      17
      18
      19
      15
      12
      23
      21
      15
      24
      24
      17
      13
      13
      21
      17
      17
      19
      14
      22
      18
      14
      19
      18
      22
      18
      14
      20
      25
      20
      16
      16
      21
      11
      23
      14
      21
      13
      25
      19
      26
      15
      22
      16
      20
      14
      15
      21
      25
      15
      19
      16
      22
      22
      31
      20
      17
      27
      17
      17
      21
      11
      13
      20
      18
      15
      16
      13
      20
      13
      14
      15
      17
      10
      15
      14
      13
      15
      12
      25
      16
      18
      11
      13
      25
      12
      22
      22
      12
      12
      14
      17
      17
      20
      19
      22
      16
      16
      15
      27
      12
      18
      17
      20
      12
      18
      13
      22
      23
      16
      16
      20
      20
      20
      15
      14
      17
      20
      13
      17
      20
      14
      19
      16
      16
      18
      18
      10
      19
      14
      20
      17
      22
      24
      16
      21
      14
      11
      20
      23
      18
      23
      10
      18
      15
      18
      13
      12
      19
      14
       8
      17
      19
      19
      16
      19
      11
      17
      19
      16
      16
      16
      19
      14
      17
       8
      15
       9
      16
      25
      19
      21
      22
      14
      10
       9
      13
      19
      18
      16
      22
      16
      11
      22
      13
      19
      16
      16
      24
      17
      18
      18
      14
      20
      22
      20
      20
      18
      17
      21
      19
      21
      15
      14
      15
      18
      12
      13
      14
      22
      13
      11
      16
      19
      18
      19
      15
      20
      12
      22
      20
      20
      26
      19
      14
      11
      15
      18
      14
      15
      18
      13
      11
      16
      16
      13
      20
      13
      12
      12
      17
      13
       8
      24
      12
      10
      20
      13
      12
      20
      13
      16
      12
      19
      15
      18
      12
      20
      19
      17
      23
      13
      16
      23
      22
      21
      19
      22
      15
      22
      16
      19
      14
      14
      20
       9
      19
      17
      10
      19
      24
      10
      15
      14
      17
      15
      16
       9
      16
      15
      20
      17
      14
      11
      14
      15
      15
      13
      10
      16
      24
      13
      17
      23
      15
      17
      20
      14
      14
      12
      23
      16
      19
      20
      17
       8
      15
      11
      18
      16
      18
      12
      21
      22
      14
       8
      19
      13
       9
      13
      18
      14
      17
      12
      15
      13
      21
      16
      10
      18
      18
      14
      18
      11
      15
      18
      14
      15
      17
      18
      24
      20
      15
      14
      12
      19
      13
      20
      14
      17
      16
      24
      18
      24
      16
      15
      20
      13
      20
      18
      13
      20
      17
      17
      15
      11
      24
      13
      18
      17
      19
      24
       9
      12
      25
      14
      17
      22
      10
      19
       9
      13
      19
      16
      24
      13
      15
      15
      22
      14
      16
      22
      11
      30
      21
      16
      12
      20
      13
       7
      14
      15
      15
      11
      16
      17
      12
      17
      14
      18
      19
      20
      13
      16
      15
      15
       9
      15
      16
      24
      13
      18
      18
      19
      18
      13
      20
      20
      16
      13
      21
      17
      18
      19
      18
      15
      18
      19
      18
      16
      18
      14
      16
      14
      15
       7
      13
      19
      14
      15
      22
      16
      23
      19
      11
      21
      20
      19
      22
      18
      12
      19
      18
       9
      10
      15
      15
      12
      10
      23
       6
      18
      17
      18
      18
       9
      12
      17
      11
      15
      19
      19
       9
      20
      15
      19
      22
      15
      17
       9
      23
      15
      11
      12
      10
      19
      15
      15
      12
      21
      22
      24
      16
      17
      14
      16
      16
      15
      15
      15
      13
      23
      21
      15
      11
      15
      12
      14
      12
      16
      21
      19
      20
      14
      14
      13
      17
      20
      10
      18
      12
      14
      13
      14
      10
      10
      14
      13
      11
      12
      19
      11
      23
      17
      16
      14
      13
      14
      12
      23
      19
      19
      15
       7
      13
      15
      13
      13
      12
      18
      18
      11
      14
      21
      21
      15
      23
      16
      19
      14
      16
      17
      15
      15
      18
      11
      18
      17
       9
      15
      12
      16
      16
      18
      18
      13
      10
      14
      14
      15
      19
      18
      20
      17
      15
      20
      18
      17
      12
      21
      19
      21
      18
      10
      14
      14
      13
      14
      18
      18
       6
      20
      17
      12
      15
      20
      20
      17
      22
      21
      23
      17
      11
      10
      12
      16
       9
      17
      20
      18
      13
      17
      14
      19
      14
      10
      15
      19
      25
      21
      16
      13
      17
      17
      19
      16
      12
      19
      20
      22
      10
      18
       6
      19
      11
      13
      13
      13
      16
      19
      23
      17
      13
      13
      15
      12
      18
      15
      11
      16
      16
      15
      19
      13
      16
      17
      16
      18
       7
      20
      12
      16
      13
      12
      17
      12
      14
      22
      14
      14
      14
      19
      13
      16
      16
      18
      11
      17
      18
      15
      10
      12
      17
      18
      19
      14
      13
      15
      19
      16
      15
      12
      18
      19
      12
      16
      19
      21
      14
      20
       7
      14
      19
      16
      16
       8
$ROI:
0
$PRESETS:
Live Time
610000
0
$ENER_FIT:
0.376786 0.499546
$MCA_CAL:
3
3.767862E-001 4.995458E-001 1.940240E-008 keV
$SHAPE_CAL:
3
2.043338E+000 9.364389E-004 -6.495330E-008
