$SPEC_ID:
No sample description was entered.
$SPEC_REM:
DET# 4
DETDESC# BI/G8
AP# Maestro Version 7.01
$DATE_MEA:
07/18/2018 13:50:43
$MEAS_TIM:
672169 673733
$DATA:
0 8191
       0
       0
       0
       0
       0
       0
       0
       0
       0
       0
       0
       0
       0
       0
       0
       0
       0
       0
       0
       0
       0
       0
       0
       0
       0
    3059
    3065
    2932
    2910
    2832
    2841
    2594
    2684
    2611
    2521
    2436
    2577
    2396
    2409
    2320
    2280
    2272
    2150
    2231
    2179
    2096
    2111
    2139
    2049
    2057
    1990
    1985
    1994
    1944
    1954
    1985
    1911
    1932
    1830
    1838
    1905
    1937
    1898
    1989
    1825
    1842
    1721
    1869
    1741
    1796
    1754
    1757
    1763
    1818
    1696
    1815
    1782
    1780
    1697
    1758
    1742
    1703
    1721
    1722
    1752
    1702
    1777
    1660
    1765
    1722
    1804
    1781
    1705
    1695
    1717
    1663
    1707
    1662
    1636
    1655
    1632
    1692
    1707
    1750
    1663
    1743
    1759
    1677
    1716
    1745
    1657
    1725
    1639
    1714
    1710
    1684
    1786
    1728
    1765
    1786
    1732
    1780
    1776
    1791
    1828
    1766
    1733
    1821
    1780
    1852
    1827
    2023
    1999
    1932
    1849
    1758
    1807
    1829
    1844
    1850
    1894
    1877
    1863
    1931
    2016
    2252
    2129
    2010
    2177
    2506
    2434
    2068
    1942
    1991
    1967
    2039
    1843
    1953
    1998
    1934
    2016
    2042
    1967
    2047
    2105
    2165
    2045
    2221
    2629
    2729
    2412
    2310
    2195
    2325
    2476
    2270
    2143
    2213
    2160
    2167
    2290
    2324
    2205
    2337
    2361
    2402
    2358
    2349
    2246
    2364
    2393
    2504
    2466
    2447
    2425
    2462
    2449
    2487
    2553
    2568
    2554
    2565
    2442
    2637
    2590
    2571
    2572
    2594
    2645
    2671
    2742
    2638
    2767
    2615
    2788
    2720
    2687
    2844
    2790
    2814
    2755
    2808
    2811
    2815
    2830
    3024
    2978
    2901
    2900
    2958
    2951
    3019
    2926
    2988
    3006
    3032
    3008
    2995
    3066
    3077
    3086
    3084
    3004
    3057
    3099
    3195
    3029
    3026
    3158
    3206
    3232
    3275
    3124
    3299
    3104
    3185
    3160
    3250
    3209
    3250
    3148
    3284
    3124
    3276
    3140
    3181
    3208
    3137
    3334
    3300
    3303
    3246
    3407
    3336
    3291
    3345
    3327
    3336
    3401
    3418
    3402
    3361
    3237
    3353
    3281
    3412
    3325
    3355
    3278
    3394
    3284
    3253
    3318
    3371
    3435
    3308
    3423
    3315
    3339
    3496
    3409
    3342
    3240
    3334
    3358
    3363
    3399
    3352
    3410
    3364
    3360
    3338
    3372
    3332
    3271
    3379
    3343
    3300
    3407
    3237
    3318
    3417
    3321
    3386
    3285
    3279
    3381
    3268
    3347
    3282
    3169
    3216
    3342
    3253
    3184
    3211
    3312
    3306
    3229
    3373
    3328
    3264
    3330
    3236
    3286
    3336
    3298
    3302
    3216
    3235
    3323
    3326
    3373
    3411
    3278
    3204
    3288
    3288
    3339
    3268
    3344
    3266
    3086
    3403
    3312
    3197
    3233
    3263
    3230
    3153
    3266
    3475
    3487
    3359
    3244
    3230
    3136
    3272
    3200
    3239
    3229
    3139
    3074
    3110
    3135
    3182
    3233
    3102
    3209
    3063
    3091
    3089
    3053
    3132
    3117
    3113
    3209
    3193
    3207
    3148
    3191
    3159
    3127
    3255
    3136
    3046
    3106
    3063
    3125
    2994
    3043
    3013
    3059
    3054
    3137
    3081
    3092
    3220
    3123
    3169
    3071
    3040
    2988
    3021
    3100
    2973
    2936
    2978
    2923
    2996
    3033
    2943
    3042
    2974
    2953
    2927
    2999
    2851
    2970
    2981
    2963
    2895
    2890
    2884
    2891
    2990
    2938
    2855
    2861
    2857
    2938
    2819
    2928
    2891
    2883
    2849
    2725
    2898
    2887
    2843
    2870
    2819
    2804
    2744
    2867
    2730
    2802
    2784
    2807
    2868
    2737
    2797
    2871
    2853
    2779
    2829
    3448
    4145
    4054
    3116
    2717
    2713
    2812
    2934
    3005
    2838
    2735
    2623
    2742
    2618
    2708
    2703
    2593
    2630
    2659
    2628
    2605
    2496
    2575
    2614
    2595
    2576
    2552
    2546
    2550
    2567
    2541
    2588
    2626
    2495
    2608
    2519
    2573
    2503
    2537
    2507
    2525
    2481
    2460
    2480
    2406
    2490
    2551
    2404
    2417
    2540
    2446
    2448
    2470
    2512
    2420
    2428
    2471
    2466
    2404
    2297
    2493
    2534
    2537
    2460
    2530
    2503
    2403
    2414
    2417
    2440
    2494
    2276
    2359
    2372
    2391
    2345
    2351
    2425
    2375
    2419
    2338
    2385
    2279
    2367
    2298
    2381
    2252
    2373
    2252
    2275
    2291
    2267
    2322
    2303
    2235
    2231
    2285
    2220
    2234
    2252
    2227
    2300
    2262
    2243
    2251
    2288
    2222
    2177
    2216
    2113
    2231
    2207
    2229
    2429
    2938
    2828
    2555
    2185
    2108
    2178
    2172
    2165
    2118
    2183
    2226
    2287
    2249
    2084
    2131
    2116
    2143
    2209
    2025
    2118
    2056
    2119
    2097
    2072
    2125
    2120
    2081
    2039
    2006
    2020
    2137
    2105
    1993
    2105
    1978
    2096
    2060
    2071
    2069
    2107
    1932
    2104
    2091
    2032
    1954
    1933
    1994
    1985
    1988
    2034
    2040
    2017
    1890
    1995
    2035
    2047
    1940
    1919
    2054
    1974
    1953
    2038
    1980
    1977
    1968
    2083
    2099
    2079
    1946
    2081
    1956
    1916
    1944
    1916
    1998
    1907
    1901
    1866
    1956
    1878
    1920
    1922
    1972
    1922
    1963
    2006
    2244
    2346
    2159
    1992
    1840
    1828
    1843
    1822
    1791
    1797
    1876
    1877
    1771
    1827
    1796
    1715
    1751
    1818
    1733
    1781
    1778
    1846
    1771
    1792
    1775
    1853
    2026
    2683
    3443
    3070
    2158
    1775
    1730
    1709
    1643
    1703
    1741
    1738
    1694
    1702
    1700
    1619
    1735
    1710
    1706
    1658
    1684
    1774
    1746
    1645
    1668
    1679
    1746
    1566
    1631
    1575
    1577
    1625
    1709
    1595
    1624
    1585
    1600
    1670
    1557
    1633
    1689
    1660
    1699
    1693
    1595
    1568
    1590
    1636
    1631
    1635
    1584
    1611
    1641
    1651
    1594
    1586
    1625
    1603
    1599
    1557
    1518
    1653
    1538
    1623
    1592
    1574
    1567
    1508
    1537
    1574
    1628
    1578
    1613
    1540
    1502
    1553
    1671
    1593
    1590
    1526
    1528
    1527
    1513
    1508
    1538
    1544
    1517
    1470
    1624
    1566
    1507
    1554
    1475
    1521
    1461
    1516
    1475
    1596
    1462
    1507
    1484
    1464
    1526
    1441
    1547
    1459
    1521
    1451
    1482
    1451
    1470
    1517
    1451
    1496
    1491
    1447
    1477
    1505
    1594
    1458
    1490
    1429
    1358
    1467
    1443
    1398
    1423
    1448
    1415
    1398
    1473
    1479
    1424
    1377
    1429
    1396
    1323
    1381
    1402
    1409
    1447
    1398
    1349
    1384
    1386
    1417
    1436
    1401
    1358
    1356
    1329
    1396
    1382
    1451
    1383
    1426
    1357
    1260
    1388
    1410
    1466
    1375
    1432
    1315
    1348
    1456
    1329
    1344
    1344
    1306
    1319
    1375
    1376
    1370
    1378
    1394
    1325
    1364
    1365
    1316
    1344
    1299
    1317
    1285
    1342
    1308
    1299
    1299
    1300
    1312
    1281
    1257
    1321
    1322
    1320
    1225
    1274
    1325
    1264
    1301
    1269
    1315
    1309
    1259
    1403
    1295
    1359
    1281
    1259
    1286
    1379
    1336
    1309
    1319
    1257
    1242
    1245
    1239
    1222
    1272
    1333
    1326
    1228
    1334
    1397
    1441
    1405
    1357
    1268
    1219
    1263
    1282
    1197
    1295
    1259
    1236
    1214
    1264
    1203
    1189
    1270
    1172
    1199
    1304
    1232
    1254
    1292
    1242
    1207
    1220
    1263
    1187
    1261
    1217
    1275
    1211
    1188
    1183
    1265
    1216
    1239
    1295
    1181
    1172
    1190
    1267
    1232
    1112
    1232
    1234
    1187
    1143
    1179
    1200
    1199
    1153
    1168
    1212
    1237
    1228
    1172
    1202
    1207
    1172
    1171
    1175
    1175
    1250
    1186
    1159
    1117
    1150
    1177
    1188
    1112
    1132
    1142
    1134
    1166
    1247
    1187
    1115
    1138
    1155
    1177
    1165
    1171
    1146
    1210
    1155
    1125
    1160
    1224
    1171
    1466
    1610
    2021
    2814
    4504
    6486
    8303
    8573
    7440
    5656
    3792
    2300
    1740
    1447
    1234
    1174
    1157
    1091
    1096
    1114
    1035
    1074
    1096
     997
    1008
    1074
    1012
    1076
    1070
    1081
    1027
    1096
    1004
    1145
    1056
    1033
    1044
    1038
    1063
    1034
    1046
    1011
    1060
     994
    1057
    1030
    1021
    1029
    1069
    1037
    1007
     992
    1009
    1087
    1038
    1016
     998
     984
    1033
    1002
    1009
     960
     999
    1018
    1012
    1028
    1014
     981
    1010
    1028
    1055
     968
    1031
    1008
     978
     928
     994
     994
     995
    1045
    1017
    1020
     999
     937
    1020
     992
     957
     986
     981
    1011
     957
     982
     962
    1015
     978
     973
    1000
     949
     936
     962
    1027
    1077
    1159
    1010
     987
     977
     938
     971
     958
    1029
     998
     985
     965
    1005
     932
     942
     860
    1001
     907
     955
    1001
    1026
     984
    1027
    1041
    1002
    1005
     970
     955
     990
     947
     933
     954
     908
     969
     961
     944
     975
    1004
     937
     951
     974
     932
     922
     932
    1004
     973
     970
     977
    1179
    1710
    2150
    1994
    1414
    1023
     901
     873
     964
     905
     896
     941
     913
     922
     921
     919
     907
     879
     901
     881
     894
     949
     887
     925
     909
     915
     858
     946
     919
     953
     951
     939
     937
     982
     954
     891
     884
     978
     885
     979
     989
     935
     924
     912
     955
     915
     924
     908
     953
     960
     986
     961
    1276
    1967
    2888
    2952
    1972
    1166
     936
     865
     980
     864
     834
     852
     839
     866
     835
     885
     846
     891
     860
     893
     872
     846
     879
     879
     826
     856
     871
     876
     809
     796
     819
     854
     841
     897
     905
     775
     843
     838
     830
     881
     814
     857
     816
     864
     822
     852
     853
     862
     778
     835
     853
     835
     865
     857
     850
     835
     852
     793
     842
     803
     828
     819
     793
     820
     783
     753
     798
     854
     802
     771
     764
     804
     831
     802
     825
     795
     807
     813
     805
     797
     837
     830
     775
     798
     836
     804
     863
     817
     844
     824
     786
     826
     819
     779
     800
     839
     825
     833
     814
     827
     792
     774
     870
     815
     760
     823
     804
     847
     836
     844
     788
     777
     781
     794
     858
     824
     818
     795
     784
     785
     781
     775
     822
     777
     791
     791
     838
     775
     764
     733
     779
     739
     775
     713
     780
     771
     767
     739
     754
     806
     721
     817
     789
     783
     769
     803
     742
     758
     778
     770
     768
     765
     741
     775
     805
     773
     779
     764
     758
     762
     789
     737
     783
     816
     768
     751
     762
     782
     793
     790
     819
     780
     774
     784
     816
     790
     775
     774
     800
     776
     804
     759
     789
     790
     784
     771
     740
     792
     784
     791
     765
     746
     762
     749
     743
     723
     759
     768
     765
     738
     769
     715
     715
     723
     693
     735
     706
     720
     732
     751
     747
     737
     735
     733
     753
     707
     677
     738
     790
     715
     718
     707
     712
     823
     749
     749
     711
     706
     721
     768
     706
     738
     762
     733
     735
     687
     796
     893
     979
    1022
     881
     740
     739
     738
     716
     697
     706
     697
     730
     724
     659
     702
     721
     733
     728
     665
     718
     708
     753
     713
     702
     682
     673
     727
     729
     683
     699
     719
     691
     715
     735
     674
     696
     693
     724
     764
     735
     695
     708
     729
     695
     659
     712
     704
     680
     685
     707
     722
     703
     737
     715
     670
     694
     748
     708
     697
     731
     678
     670
     671
     651
     723
     693
     648
     660
     629
     632
     698
     702
     662
     736
     752
     644
     737
     694
     673
     716
     718
     730
     783
     870
     849
     835
     728
     722
     628
     668
     657
     745
     729
     688
     707
     704
     694
     687
     651
     670
     642
     604
     646
     667
     639
     664
     708
     657
     642
     666
     667
     693
     667
     624
     652
     639
     686
     756
     772
     787
     700
     668
     636
     672
     624
     648
     635
     661
     613
     680
     667
     673
     631
     620
     718
     718
     816
     873
     809
     662
     635
     618
     653
     621
     624
     634
     592
     594
     648
     629
     625
     659
     716
     722
     696
     671
     691
     681
     701
     669
     675
     729
     595
     636
     660
     688
     591
     650
     644
     613
     584
     618
     677
     640
     610
     650
     601
     596
     621
     662
     614
     643
     627
     639
     625
     632
     586
     633
     625
     635
     616
     576
     573
     614
     587
     610
     648
     633
     628
     572
     592
     613
     621
     607
     622
     640
     674
     693
     653
     650
     635
     611
     645
     629
     638
     631
     640
     675
     695
     698
     659
     610
     665
     665
     652
     642
     708
     721
     667
     644
     629
     669
     600
     630
     598
     629
     608
     608
     554
     660
     607
     643
     571
     561
     596
     580
     596
     630
     613
     641
     597
     659
     601
     579
     623
     594
     603
     624
     610
     583
     624
     588
     594
     608
     634
     627
     612
     774
     813
     788
     681
     642
     617
     605
     604
     602
     595
     600
     625
     636
     578
     560
     544
     594
     561
     606
     559
     584
     632
     584
     586
     564
     577
     634
     598
     562
     576
     607
     596
     556
     567
     552
     552
     568
     584
     588
     567
     578
     602
     571
     540
     580
     553
     612
     594
     597
     560
     571
     566
     561
     576
     551
     622
     598
     580
     569
     609
     576
     620
     596
     563
     569
     595
     579
     610
     580
     609
     565
     637
     540
     544
     654
     514
     579
     611
     613
     549
     566
     604
     569
     567
     601
     532
     544
     575
     581
     578
     634
     547
     573
     601
     577
     577
     543
     578
     568
     657
     817
    1219
    1668
    1757
    1313
     838
     630
     556
     518
     522
     517
     561
     533
     530
     571
     544
     522
     513
     520
     552
     532
     516
     572
     485
     551
     548
     541
     540
     557
     516
     569
     519
     535
     534
     566
     533
     529
     512
     574
     564
     535
     538
     535
     518
     535
     546
     613
     645
     675
     687
     602
     568
     504
     571
     529
     547
     541
     588
     537
     549
     527
     547
     542
     554
     522
     517
     547
     572
     552
     564
     526
     572
     543
     587
     603
     581
     512
     591
     563
     557
     556
     569
     567
     539
     513
     508
     500
     523
     531
     472
     513
     495
     539
     494
     534
     515
     535
     548
     523
     530
     531
     565
     524
     573
     531
     552
     587
     577
     688
     760
     760
     709
     616
     551
     525
     591
     796
    1009
    1295
    1234
     908
     635
     574
     558
     488
     513
     501
     480
     488
     472
     513
     515
     531
     535
     517
     501
     472
     494
     500
     507
     467
     499
     523
     513
     494
     534
     508
     536
     519
     509
     446
     500
     509
     512
     523
     500
     516
     519
     508
     473
     517
     500
     542
     536
     483
     482
     476
     518
     506
     475
     466
     526
     494
     492
     506
     511
     528
     502
     484
     507
     522
     564
     579
     588
     551
     549
     481
     498
     483
     491
     518
     500
     453
     511
     489
     495
     469
     521
     490
     497
     448
     475
     458
     502
     536
     473
     475
     475
     506
     477
     527
     484
     512
     490
     441
     488
     525
     472
     519
     512
     507
     470
     509
     553
     527
     517
     494
     500
     517
     504
     482
     547
     475
     516
     485
     525
     444
     534
     496
     453
     460
     501
     466
     484
     513
     463
     478
     495
     488
     485
     480
     466
     517
     467
     511
     496
     495
     493
     457
     468
     441
     445
     512
     469
     454
     476
     455
     467
     496
     491
     499
     515
     488
     481
     514
     429
     511
     485
     469
     485
     486
     514
     465
     490
     490
     463
     489
     502
     464
     463
     495
     506
     477
     469
     513
     495
     447
     498
     477
     446
     469
     469
     432
     497
     463
     495
     434
     499
     510
     489
     488
     537
     483
     495
     463
     488
     508
     472
     480
     496
     494
     502
     469
     467
     481
     472
     467
     499
     462
     470
     488
     466
     487
     480
     496
     463
     461
     498
     493
     457
     464
     464
     469
     504
     452
     467
     493
     456
     502
     423
     480
     480
     408
     486
     450
     445
     429
     469
     449
     473
     427
     460
     465
     453
     431
     448
     436
     478
     498
     451
     470
     474
     478
     458
     469
     426
     434
     455
     463
     450
     458
     419
     428
     485
     449
     422
     463
     456
     497
     469
     472
     451
     470
     451
     464
     494
     415
     485
     470
     463
     491
     476
     449
     397
     465
     428
     449
     461
     456
     418
     471
     482
     512
     502
     498
     456
     497
     493
     586
     872
    1208
    1414
    1322
     955
     612
     513
     458
     417
     404
     430
     457
     453
     462
     455
     436
     448
     481
     438
     426
     475
     467
     447
     475
     464
     451
     460
     445
     447
     457
     436
     443
     459
     455
     430
     429
     438
     436
     458
     442
     410
     437
     443
     452
     471
     421
     460
     447
     432
     450
     470
     452
     456
     405
     421
     483
     430
     421
     409
     428
     435
     437
     462
     430
     453
     487
     469
     440
     463
     451
     504
     512
     534
     548
     498
     450
     449
     484
     446
     432
     462
     424
     429
     425
     480
     435
     441
     405
     466
     446
     404
     474
     415
     417
     409
     398
     434
     430
     464
     420
     468
     473
     416
     433
     449
     428
     442
     419
     469
     464
     450
     405
     449
     426
     440
     424
     413
     412
     425
     428
     422
     461
     450
     428
     427
     409
     366
     405
     430
     402
     445
     434
     400
     416
     396
     400
     419
     411
     477
     432
     413
     409
     423
     422
     421
     405
     399
     412
     410
     428
     451
     435
     410
     435
     416
     436
     444
     429
     432
     402
     398
     407
     437
     424
     413
     436
     439
     430
     436
     448
     407
     423
     422
     401
     418
     434
     452
     432
     471
     436
     418
     449
     406
     422
     413
     455
     456
     413
     452
     475
     460
     418
     427
     435
     389
     413
     420
     458
     462
     454
     432
     456
     395
     429
     421
     467
     448
     417
     419
     453
     442
     427
     442
     415
     442
     441
     429
     414
     441
     448
     452
     481
     452
     406
     431
     417
     400
     417
     417
     402
     394
     419
     456
     441
     444
     502
     597
     701
     866
     797
     607
     477
     452
     436
     409
     447
     362
     407
     394
     434
     410
     374
     327
     404
     415
     396
     418
     405
     404
     390
     353
     381
     394
     390
     382
     362
     421
     416
     409
     424
     419
     381
     368
     380
     360
     327
     395
     354
     322
     372
     366
     402
     374
     360
     423
     351
     404
     342
     378
     370
     361
     398
     355
     334
     354
     338
     353
     350
     372
     379
     355
     356
     344
     412
     386
     365
     363
     396
     396
     359
     350
     354
     352
     386
     364
     381
     341
     362
     345
     353
     387
     341
     409
     433
     414
     447
     362
     355
     349
     329
     343
     356
     339
     342
     338
     352
     375
     380
     358
     375
     368
     358
     351
     353
     319
     333
     313
     337
     330
     388
     382
     353
     352
     326
     329
     353
     346
     341
     336
     306
     336
     357
     320
     329
     346
     343
     325
     326
     348
     349
     354
     341
     328
     329
     310
     342
     303
     368
     343
     343
     299
     337
     361
     333
     333
     334
     310
     296
     322
     329
     279
     335
     320
     326
     318
     326
     342
     329
     342
     291
     327
     298
     302
     300
     319
     293
     334
     337
     309
     314
     296
     310
     318
     301
     304
     358
     325
     298
     323
     321
     310
     287
     306
     307
     304
     344
     294
     335
     273
     312
     312
     293
     289
     289
     329
     274
     302
     323
     333
     292
     299
     277
     294
     280
     329
     305
     324
     329
     294
     305
     292
     289
     296
     312
     303
     293
     311
     322
     297
     276
     295
     294
     316
     314
     294
     282
     321
     296
     281
     273
     289
     299
     290
     314
     290
     303
     287
     306
     275
     292
     288
     279
     291
     306
     296
     276
     282
     306
     303
     302
     276
     316
     286
     295
     297
     291
     305
     320
     284
     265
     301
     279
     261
     299
     270
     280
     284
     289
     252
     248
     295
     281
     287
     288
     352
     404
     499
     617
     604
     473
     369
     298
     312
     281
     266
     242
     288
     265
     274
     276
     291
     286
     344
     324
     305
     287
     294
     302
     292
     274
     288
     293
     245
     278
     288
     269
     269
     261
     289
     266
     267
     276
     275
     289
     298
     290
     255
     282
     295
     240
     282
     302
     323
     327
     335
     373
     330
     329
     298
     278
     264
     260
     271
     298
     310
     325
     358
     415
     491
     416
     369
     332
     286
     309
     276
     293
     276
     262
     262
     277
     279
     290
     273
     271
     286
     264
     277
     291
     276
     244
     279
     267
     256
     245
     305
     278
     251
     265
     280
     255
     273
     244
     287
     253
     259
     269
     233
     264
     256
     233
     282
     236
     268
     259
     237
     268
     241
     259
     256
     278
     243
     258
     271
     250
     265
     262
     237
     242
     253
     260
     246
     257
     273
     268
     251
     239
     254
     261
     246
     277
     272
     290
     250
     266
     283
     264
     310
     276
     262
     226
     272
     257
     270
     285
     267
     244
     259
     260
     272
     267
     296
     264
     269
     336
     269
     289
     308
     414
     584
     944
    1796
    3720
    6651
    9586
   10747
    8847
    5121
    2253
     769
     304
     200
     191
     205
     200
     188
     192
     182
     168
     173
     208
     191
     192
     198
     187
     190
     192
     196
     192
     171
     184
     177
     189
     196
     189
     196
     212
     197
     202
     185
     173
     180
     176
     193
     173
     183
     188
     197
     179
     167
     189
     170
     207
     177
     188
     211
     194
     206
     186
     204
     197
     213
     181
     174
     187
     183
     192
     210
     177
     188
     167
     183
     199
     218
     274
     232
     273
     230
     211
     188
     183
     194
     176
     194
     190
     185
     195
     211
     222
     193
     199
     173
     180
     174
     158
     180
     186
     201
     213
     218
     288
     351
     359
     312
     270
     232
     180
     190
     197
     217
     196
     190
     178
     188
     178
     184
     181
     162
     164
     165
     180
     158
     182
     180
     174
     176
     190
     178
     175
     169
     191
     191
     175
     173
     158
     161
     188
     170
     175
     172
     202
     156
     163
     176
     192
     177
     168
     173
     161
     170
     176
     179
     175
     157
     176
     170
     191
     154
     198
     186
     197
     198
     174
     198
     166
     169
     181
     172
     219
     181
     168
     185
     197
     176
     168
     156
     192
     193
     163
     184
     161
     170
     150
     167
     162
     171
     165
     155
     166
     146
     144
     151
     149
     162
     150
     158
     158
     176
     185
     181
     176
     170
     156
     156
     172
     176
     149
     175
     150
     156
     167
     165
     172
     171
     162
     154
     160
     156
     160
     143
     158
     159
     177
     187
     174
     150
     189
     163
     154
     153
     167
     162
     146
     148
     155
     177
     143
     158
     158
     144
     168
     148
     180
     192
     225
     207
     197
     188
     205
     211
     226
     200
     181
     193
     182
     206
     193
     243
     297
     376
     386
     359
     243
     184
     182
     189
     208
     198
     213
     206
     250
     167
     205
     189
     171
     162
     159
     167
     152
     181
     167
     187
     181
     202
     170
     149
     169
     164
     134
     143
     169
     147
     161
     165
     140
     148
     131
     166
     149
     133
     128
     144
     145
     163
     151
     145
     157
     183
     140
     134
     171
     157
     145
     166
     162
     136
     149
     172
     143
     163
     161
     163
     168
     230
     232
     281
     262
     185
     178
     138
     151
     149
     147
     142
     150
     161
     164
     160
     138
     151
     170
     176
     182
     210
     270
     264
     255
     184
     193
     130
     162
     155
     139
     140
     164
     149
     139
     139
     179
     170
     149
     169
     163
     166
     135
     144
     144
     164
     156
     149
     143
     146
     148
     150
     154
     149
     144
     130
     154
     143
     149
     140
     137
     136
     156
     168
     135
     152
     128
     135
     141
     127
     126
     133
     141
     146
     163
     149
     154
     131
     136
     146
     136
     191
     195
     220
     259
     223
     184
     141
     152
     157
     138
     150
     144
     141
     133
     148
     156
     143
     143
     115
     149
     146
     139
     129
     134
     139
     148
     133
     157
     126
     139
     149
     157
     156
     127
     156
     127
     120
     143
     130
     142
     146
     152
     127
     137
     141
     179
     148
     175
     154
     141
     181
     147
     152
     122
     137
     161
     119
     129
     131
     138
     137
     119
     156
     133
     163
     172
     176
     161
     137
     122
     132
     118
     130
     134
     145
     140
     130
     147
     169
     130
     133
     126
     134
     152
     150
     144
     133
     127
     133
     136
     142
     147
     136
     123
     123
     147
     114
     176
     139
     126
     122
     119
     133
     129
     126
     144
     128
     131
     129
     138
     155
     139
     144
     136
     131
     154
     112
     141
     159
     135
     136
     144
     128
     143
     124
     133
     127
     133
     130
     136
     147
     139
     147
     141
     153
     161
     208
     240
     272
     347
     415
     338
     275
     175
     152
     149
     125
     110
     141
     112
     123
     141
     118
     129
     136
     137
     123
     121
     125
     117
     128
     131
     132
     136
     150
     115
     148
     141
     131
     124
     132
     135
     133
     124
     145
     143
     134
     118
     114
     140
     138
     118
     114
     143
     115
     130
     129
     139
     125
     133
     129
     142
     129
     150
     139
     118
     162
     127
     171
     132
     130
     163
     152
     194
     214
     252
     391
     636
    1050
    1434
    1488
    1377
     876
     478
     231
     165
     146
     127
     110
     130
     114
     134
     129
     124
     123
     128
     110
     135
     115
     113
     117
      97
     119
     132
     121
     114
     112
     123
     127
     116
     132
     109
     130
     121
     134
     120
     130
     116
     110
     109
     102
     110
     119
     133
     131
     112
     102
     107
     116
      96
     126
     120
     135
     121
     114
     126
     119
     120
     153
      96
     124
     108
     120
     113
     124
      93
     103
     120
     105
     115
     135
     126
     112
     114
     130
     121
     131
     118
     119
     125
     120
     107
     140
     127
     112
     110
     121
     120
     119
     111
     115
      96
     140
     115
     121
     103
     100
     120
     114
     121
     125
     123
     113
     107
      98
     111
     134
     136
     121
     125
     130
     122
     129
     125
     115
     115
     113
     115
      99
     103
     117
      91
     105
     106
     121
     114
     113
     103
     120
     125
     115
     100
     111
     125
     111
     120
     118
     111
     133
     107
     129
     136
     122
     120
     121
     115
     135
     161
     147
     151
     101
     117
     133
     125
     141
     110
     122
     131
     120
     131
     120
     127
     137
     189
     250
     278
     303
     258
     232
     159
     120
      98
     119
     101
     113
     102
     110
     126
     113
     112
     112
      88
     118
     108
     121
     102
     110
     117
     118
     118
     104
     114
     114
      95
     113
     116
     123
     104
      97
     121
     139
     105
     116
     104
     114
     126
     108
      91
     119
     124
     127
     116
     138
     123
     110
     123
     153
     141
     153
     130
     116
     143
     112
     115
     114
     106
     111
     108
     101
     114
     111
     103
     118
     100
     107
     105
      98
     110
     107
     105
     126
     108
     123
     112
     124
     140
     122
     122
     119
     109
     124
     123
     127
     114
     124
     115
     113
      97
     112
     135
     108
     111
     128
     118
     129
     123
     123
     117
     141
     109
     133
     122
     105
      95
     125
      94
     114
     127
      94
     117
     120
     109
      86
     103
     103
     110
     121
     113
     115
      98
     121
     116
     105
     110
     112
     108
     129
      86
     115
     102
     112
      98
     117
     116
     101
     116
     116
     105
     103
     105
     126
     117
     118
     107
     107
      97
     108
      96
     101
     108
     115
     119
     113
     113
     117
     101
     121
     103
     112
      92
      94
     109
      87
     111
      90
     101
     132
     111
      87
     103
     119
     103
     109
     107
     132
     116
      97
     116
     121
     111
      89
     119
     103
     109
     111
     124
      98
     105
     101
     108
     100
     115
     114
     104
     117
     115
      92
      89
     114
      94
      97
     125
      96
     113
      95
      93
      90
      99
     127
      98
     120
     106
     102
     102
     100
     106
     103
     102
      95
     106
      94
     109
     100
      97
     110
     111
     101
     109
     114
     104
     100
     110
     109
     114
      90
      99
      96
     105
      82
     123
     105
     112
     100
      91
      97
     121
      94
      86
      81
      97
     100
      89
     102
      98
      93
     109
      96
     109
     110
      89
     101
     110
     110
      95
      96
     108
      95
      96
     100
     114
      90
      93
     126
      94
      98
      92
     112
     109
      96
      99
     105
      90
     107
      99
      83
      83
      91
      93
     107
     104
     109
      97
     104
      79
      96
     102
     102
     103
     107
      70
      98
     106
     120
      90
      88
     110
     103
      88
     114
     108
     111
     100
     107
      88
     121
     106
      90
      98
     112
      87
      88
     100
     113
      89
      94
      91
     111
      94
      95
     102
     102
      85
      91
      89
      96
      95
      81
      92
     120
     109
      88
     105
      95
      98
      85
      79
      94
     113
      90
      76
      90
     105
     103
      89
     110
     110
     104
      86
      88
      92
      87
     110
      81
      77
      88
      90
      91
      87
      87
      89
      95
     106
      86
     106
      92
     120
      93
     114
     103
      94
      85
      74
     105
     131
      98
      91
     114
     111
      87
      89
      99
     100
      88
     100
      96
      87
      99
     101
     108
      89
     102
     107
     101
      92
      87
     120
     107
     108
      99
     126
     100
     104
      98
     105
      93
      96
      92
      78
      97
      91
      99
      95
     111
      86
     101
      84
      96
      96
      85
      95
      87
      88
      75
      81
      98
      90
      87
      91
      89
     100
      74
     100
     109
      97
      82
      94
      91
      84
      90
      82
     100
      98
      93
     100
      86
      92
     112
      91
      91
     114
      86
     103
     108
      84
      96
     110
      94
      79
      97
      98
      85
      92
      95
     114
      86
      67
     107
     119
     109
     106
     101
     100
      92
      84
     101
      98
     101
      97
      78
     105
     104
      77
     113
      95
      80
      96
     114
      86
      88
      88
     100
     101
     122
     137
     166
     218
     221
     304
     253
     304
     276
     249
     186
     136
     117
      93
     117
      78
      93
      96
      83
      94
     106
     113
     116
     101
     106
      95
      88
      98
     102
     102
      94
      96
     105
     120
     129
     180
     198
     210
     197
     149
     139
      91
      88
      84
      93
      75
      79
     106
      99
     100
      86
     100
      82
      88
      94
      98
     100
     106
      92
      81
     100
      71
     110
      93
      88
      94
      96
      88
      86
      81
     103
      89
      91
      86
      74
      99
      91
      83
      85
      77
     102
      96
      95
      93
      90
      85
      84
      81
      89
      98
      91
      88
      85
      91
      99
      83
      84
      83
      86
      79
      90
     100
      78
      86
      79
      82
      81
      70
      84
      89
      84
      89
      80
      79
      81
      85
      72
      75
      86
      96
      77
      92
      83
      83
      89
      88
      67
      93
      94
      96
     102
      80
      90
     111
      81
     100
      77
      90
      81
      85
      83
      79
      94
      92
      92
      90
      98
      93
      84
      81
      72
      91
     110
      95
      82
     104
     108
      81
     109
      78
      96
      87
     101
      90
      92
      92
      71
      89
      83
      91
      91
      96
      96
      81
      71
      83
      83
     105
      99
      78
      91
      88
      83
     111
      89
     111
      98
      96
      90
      86
      82
      93
      87
      82
      86
      74
     111
      97
      84
      95
     104
      92
     125
     164
     211
     295
     413
     544
     540
     486
     375
     257
     186
     111
      96
      77
      86
      97
      91
      88
      86
      77
      95
      92
      71
      84
      85
      82
      77
      88
      81
      95
      75
      94
      65
      75
      83
      80
      90
      88
      90
      67
      92
      71
     102
      95
      85
      91
      90
      87
      78
      87
      92
      90
      79
      78
      84
      78
      79
      90
      60
      90
      83
     103
      70
      85
      85
      83
      91
      78
     103
      79
      78
      90
      85
      99
      78
      74
      86
      97
      85
      98
      82
      95
      74
      87
      81
      93
      86
      78
      75
      85
      73
      80
      89
      97
      82
      89
      97
      82
      95
      85
      85
      88
      85
      92
      93
      89
      75
      77
      76
      83
      77
      66
      88
      62
      86
      90
      94
      58
      95
      88
      84
      80
      82
      94
      90
      84
      70
      93
      80
      96
      85
      85
      82
      93
      87
      95
      81
      89
      78
      74
      95
      91
     100
      77
      97
      82
      81
      78
      83
      87
      86
      88
      77
      95
      76
      90
      89
      95
      79
      82
      95
      98
      81
      82
      77
      73
      64
      76
      94
      89
      82
      82
      90
      75
      74
      84
      91
      80
      84
      90
      88
      86
     115
     130
      98
     128
     110
     101
      85
      82
      72
      85
      89
      92
      80
      83
      89
      96
      69
      80
      89
      84
      78
      84
      89
      82
      81
     106
      72
      84
      86
      95
      89
      76
      90
      93
      93
      84
      77
      82
      90
      86
      82
      84
     108
      89
      88
      86
      79
      85
      97
      84
      78
      83
      75
     102
      98
      83
      84
      82
      80
      85
      69
      83
      90
      85
      64
      89
      91
      83
      79
     114
      72
      91
      94
      76
      68
      91
      82
      89
      98
     100
      86
      98
      79
      83
      70
      93
      96
      80
      91
      90
      86
      81
      71
      86
      82
      92
      90
      93
     102
      83
      94
      85
      75
      90
      79
      93
      93
      80
      86
      87
      88
      98
      72
      79
      72
      71
      85
     101
      92
     103
      98
      89
      91
      98
      86
      97
      91
      83
      89
      86
      85
      81
      97
      91
      85
      84
      98
      78
      85
     107
      89
      81
      75
      86
      89
      90
      77
      83
      84
      90
      76
      79
      90
      94
      91
      87
      86
      97
      93
      91
      82
      80
      81
      74
      99
      91
      94
     111
      81
      78
      77
     101
      83
      74
      74
      70
      85
      85
      76
      78
      80
      87
      69
      78
      83
      83
      73
      86
      80
      82
      71
      75
      76
      75
      84
      80
      71
      93
      76
      69
      83
      79
      62
      70
      95
      81
      76
      79
      73
      79
      64
      82
      70
      83
      60
      65
      79
      72
      71
      81
      57
      76
      62
      75
      92
      65
      75
      94
      74
      80
      61
      69
      70
      80
      82
      55
      83
      62
      80
      87
      78
      67
      93
      67
      77
      66
      69
      68
      74
      77
      56
      73
      70
      70
      68
      75
      69
      71
      59
      55
      77
      70
      64
      77
      71
      70
      72
      80
      63
      47
      60
      93
      64
      63
      72
      69
      75
      58
      69
      60
      66
      65
      74
      71
      64
      76
      69
      67
      69
      88
      73
      64
      73
      67
      60
      75
      61
      79
      79
      73
      78
      60
      62
      80
      89
      71
      94
     100
     117
     139
     184
     197
     214
     156
     162
     121
      90
      70
      62
      57
      58
      78
      76
      86
      61
      45
      60
      73
      74
      59
      75
      59
      50
      73
      62
      65
      71
      64
      63
      68
      69
      58
      63
      66
      74
      57
      64
      54
      57
      52
      58
      48
      56
      68
      56
      56
      67
      56
      67
      54
      57
      62
      63
      81
      66
      50
      69
      55
      65
      65
      58
      57
      54
      61
      59
      72
      73
      57
      65
      65
      50
      52
      49
      68
      60
      54
      81
      61
      74
      67
      54
      42
      59
      45
      59
      59
      69
      56
      66
      53
      46
      50
      54
      63
      50
      70
      52
      53
      65
      62
      71
      60
      58
      55
      57
      61
      66
      55
      61
      75
      64
      55
      62
      52
      59
      50
      69
      50
      58
      72
      60
      58
      64
      43
      54
      60
      47
      57
      62
      44
      40
      65
      42
      43
      50
      48
      58
      39
      45
      67
      68
      42
      52
      48
      45
      55
      52
      58
      49
      58
      36
      48
      61
      58
      58
      44
      45
      45
      59
      57
      49
      54
      57
      44
      52
      62
      39
      61
      56
      64
      57
      40
      59
      56
      53
      53
      61
      45
      58
      52
      51
      35
      47
      43
      51
      52
      48
      53
      59
      48
      44
      62
      54
      53
      46
      43
      53
      46
      44
      46
      43
      42
      43
      48
      45
      48
      44
      32
      47
      42
      40
      42
      46
      48
      59
      52
      54
      44
      42
      39
      58
      58
      47
      45
      54
      53
      48
      38
      48
      48
      46
      50
      38
      45
      54
      57
      45
      48
      48
      56
      52
      49
      53
      53
      46
      47
      52
      42
      40
      54
      57
      51
      51
      39
      40
      58
      55
      52
      56
      45
      38
      43
      45
      60
      47
      46
      55
      46
      46
      49
      51
      43
      41
      55
      60
      35
      40
      37
      46
      50
      39
      48
      48
      46
      42
      55
      45
      49
      44
      55
      41
      42
      47
      53
      52
      47
      36
      45
      52
      51
      58
      49
      56
      48
      54
      50
      29
      63
      55
      51
      43
      57
      44
      48
      47
      45
      51
      52
      63
      46
      47
      56
      58
      58
      80
      62
     136
     144
     188
     288
     423
     614
    1024
    1482
    2108
    2682
    2813
    2364
    1706
    1038
     486
     185
      86
      56
      43
      37
      41
      30
      25
      34
      23
      30
      32
      36
      41
      32
      30
      37
      32
      38
      41
      29
      36
      30
      30
      31
      33
      25
      42
      41
      28
      28
      37
      32
      30
      27
      41
      33
      32
      30
      43
      31
      45
      26
      46
      27
      38
      45
      36
      36
      34
      34
      43
      42
      37
      42
      36
      34
      33
      39
      49
      33
      36
      38
      37
      32
      41
      40
      30
      41
      36
      35
      32
      40
      22
      34
      26
      38
      40
      23
      29
      33
      26
      37
      37
      28
      25
      37
      28
      39
      41
      37
      40
      27
      30
      38
      44
      35
      32
      35
      40
      37
      35
      40
      46
      35
      34
      19
      27
      29
      31
      32
      41
      34
      27
      33
      38
      36
      28
      41
      36
      39
      28
      34
      33
      28
      42
      34
      38
      31
      29
      35
      35
      28
      34
      29
      41
      32
      31
      31
      29
      34
      35
      32
      38
      35
      29
      37
      43
      36
      21
      25
      37
      34
      27
      38
      39
      38
      35
      28
      36
      30
      35
      28
      30
      28
      33
      30
      38
      32
      42
      28
      27
      34
      29
      39
      32
      43
      34
      42
      35
      27
      28
      34
      41
      28
      31
      27
      39
      32
      31
      36
      39
      45
      34
      27
      17
      28
      44
      27
      34
      31
      34
      33
      38
      30
      25
      26
      35
      22
      32
      34
      33
      36
      39
      33
      32
      36
      38
      34
      25
      30
      28
      34
      26
      33
      28
      43
      27
      35
      34
      34
      38
      33
      30
      35
      28
      29
      33
      33
      41
      23
      30
      37
      49
      35
      29
      39
      33
      28
      28
      33
      26
      17
      27
      36
      38
      42
      22
      46
      30
      39
      25
      39
      30
      26
      34
      29
      17
      31
      29
      38
      37
      38
      31
      35
      36
      32
      38
      28
      41
      38
      29
      26
      43
      37
      40
      37
      29
      39
      36
      36
      28
      34
      37
      40
      35
      24
      34
      30
      40
      38
      29
      22
      36
      44
      34
      38
      29
      24
      30
      35
      37
      31
      38
      39
      28
      27
      27
      25
      35
      32
      45
      43
      21
      30
      36
      32
      33
      28
      28
      20
      24
      31
      35
      30
      42
      33
      34
      40
      30
      30
      32
      36
      34
      19
      23
      30
      27
      41
      32
      36
      28
      23
      31
      29
      33
      32
      26
      36
      31
      38
      34
      37
      37
      31
      30
      29
      21
      31
      29
      31
      28
      23
      35
      34
      30
      37
      32
      37
      30
      28
      28
      28
      15
      27
      34
      27
      26
      38
      37
      24
      38
      49
      31
      30
      27
      34
      29
      18
      28
      30
      34
      39
      32
      26
      37
      29
      40
      33
      31
      34
      19
      40
      30
      25
      28
      23
      29
      37
      25
      33
      31
      22
      47
      38
      35
      33
      38
      30
      27
      21
      37
      25
      34
      32
      28
      32
      26
      33
      35
      28
      21
      35
      45
      27
      31
      34
      29
      27
      31
      29
      34
      39
      28
      37
      31
      32
      26
      32
      29
      38
      34
      29
      32
      34
      19
      27
      28
      31
      27
      32
      31
      31
      29
      29
      34
      32
      18
      30
      35
      37
      30
      29
      34
      29
      27
      27
      31
      33
      32
      28
      37
      28
      29
      25
      34
      30
      37
      39
      26
      37
      26
      22
      29
      26
      35
      24
      26
      27
      39
      29
      27
      38
      34
      23
      26
      26
      35
      36
      27
      32
      30
      33
      32
      21
      25
      28
      34
      36
      26
      43
      38
      27
      30
      34
      28
      34
      35
      26
      26
      39
      27
      21
      41
      24
      28
      27
      26
      34
      32
      25
      30
      33
      37
      31
      36
      28
      27
      40
      28
      24
      38
      24
      26
      31
      39
      19
      37
      27
      20
      38
      24
      37
      31
      25
      26
      24
      28
      25
      26
      30
      22
      35
      22
      26
      29
      37
      29
      22
      27
      22
      42
      25
      29
      29
      23
      27
      35
      23
      31
      30
      29
      23
      34
      38
      29
      26
      33
      23
      20
      28
      33
      25
      34
      24
      31
      42
      29
      23
      25
      37
      31
      32
      20
      22
      23
      23
      31
      35
      24
      31
      34
      17
      44
      28
      21
      22
      26
      28
      34
      25
      27
      24
      27
      37
      32
      27
      26
      34
      31
      28
      27
      27
      21
      28
      33
      44
      33
      27
      23
      34
      30
      31
      35
      35
      29
      31
      33
      34
      27
      31
      24
      22
      41
      23
      25
      21
      26
      33
      26
      28
      25
      32
      29
      31
      26
      31
      17
      31
      38
      20
      32
      25
      28
      22
      30
      38
      30
      21
      21
      26
      35
      21
      28
      34
      27
      23
      26
      27
      31
      32
      36
      24
      41
      31
      29
      28
      35
      38
      32
      37
      34
      17
      37
      32
      23
      30
      29
      31
      27
      22
      21
      26
      37
      26
      25
      31
      31
      30
      27
      34
      29
      32
      25
      32
      27
      32
      25
      29
      35
      32
      16
      24
      28
      26
      22
      29
      21
      18
      21
      26
      25
      28
      29
      31
      23
      41
      18
      28
      35
      28
      32
      26
      28
      24
      29
      20
      22
      23
      39
      35
      20
      21
      27
      31
      24
      25
      23
      27
      24
      35
      30
      32
      28
      30
      29
      34
      20
      35
      27
      33
      35
      28
      36
      19
      19
      30
      24
      33
      15
      22
      28
      22
      31
      29
      23
      23
      31
      23
      21
      30
      36
      31
      39
      23
      19
      30
      30
      19
      27
      28
      25
      26
      19
      30
      26
      30
      18
      21
      23
      25
      19
      23
      19
      27
      24
      24
      25
      34
      23
      30
      32
      21
      29
      19
      23
      19
      29
      22
      25
      29
      33
      26
      26
      27
      28
      36
      31
      37
      23
      27
      28
      34
      27
      24
      30
      20
      30
      18
      32
      34
      34
      28
      36
      23
      24
      29
      26
      30
      29
      32
      24
      27
      21
      28
      24
      37
      25
      34
      26
      24
      21
      25
      29
      25
      29
      28
      25
      28
      21
      22
      23
      21
      20
      29
      28
      30
      29
      28
      30
      29
      17
      27
      25
      38
      25
      36
      23
      28
      24
      23
      25
      24
      29
      25
      30
      23
      31
      27
      19
      25
      23
      25
      31
      25
      27
      25
      21
      30
      30
      20
      28
      23
      26
      28
      29
      29
      24
      18
      28
      25
      40
      27
      35
      29
      23
      24
      18
      23
      30
      34
      29
      20
      22
      23
      22
      23
      31
      23
      20
      22
      28
      17
      26
      16
      34
      21
      16
      36
      13
      23
      29
      40
      32
      21
      31
      17
      27
      29
      31
      28
      23
      41
      20
      23
      32
      29
      20
      18
      27
      20
      29
      21
      28
      28
      24
      17
      28
      16
      32
      25
      28
      22
      25
      30
      34
      22
      22
      20
      26
      23
      29
      18
      29
      19
      24
      31
      28
      18
      25
      24
      14
      16
      25
      29
      19
      18
      21
      28
      36
      19
      25
      21
      20
      21
      30
      28
      22
      24
      22
      20
      22
      28
      26
      29
      27
      17
      37
      24
      25
      33
      14
      24
      31
      25
      31
      28
      27
      25
      29
      27
      25
      29
      35
      34
      27
      21
      38
      29
      19
      26
      27
      17
      21
      27
      36
      15
      28
      21
      26
      32
      29
      31
      24
      19
      28
      24
      27
      24
      22
      25
      19
      29
      27
      23
      31
      31
      21
      23
      29
      22
      22
      28
      23
      18
      28
      16
      28
      34
      33
      21
      30
      25
      13
      19
      15
      25
      20
      20
      27
      30
      35
      22
      24
      20
      25
      19
      27
      23
      22
      31
      23
      24
      27
      22
      19
      29
      21
      20
      40
      29
      26
      18
      39
      24
      26
      28
      15
      34
      21
      26
      15
      22
      20
      17
      28
      21
      32
      33
      17
      23
      23
      24
      27
      23
      21
      22
      25
      26
      33
      24
      22
      25
      28
      20
      29
      24
      23
      21
      27
      28
      23
      30
      24
      33
      20
      22
      27
      25
      30
      27
      18
      26
      28
      23
      31
      25
      16
      26
      33
      28
      24
      29
      24
      29
      31
      27
      29
      24
      25
      25
      24
      28
      24
      23
      19
      37
      30
      16
      33
      25
      24
      25
      25
      35
      31
      28
      26
      23
      23
      17
      31
      25
      27
      17
      29
      33
      25
      25
      22
      16
      24
      21
      26
      30
      17
      20
      19
      28
      29
      30
      29
      30
      25
      15
      21
      23
      25
      29
      27
      25
      21
      29
      23
      28
      21
      31
      22
      21
      24
      25
      25
      24
      29
      27
      27
      26
      24
      22
      33
      22
      27
      30
      22
      23
      13
      28
      22
      27
      23
      23
      25
      28
      27
      18
      26
      28
      21
      31
      20
      20
      26
      23
      29
      17
      19
      34
      25
      25
      20
      24
      29
      23
      24
      23
      28
      24
      17
      24
      17
      19
      25
      25
      20
      23
      18
      20
      20
      25
      24
      24
      26
      28
      26
      29
      35
      19
      24
      21
      24
      29
      27
      16
      31
      22
      24
      22
      27
      18
      28
      23
      25
      30
      23
      18
      26
      25
      28
      24
      16
      26
      29
      21
      28
      26
      22
      23
      17
      20
      20
      32
      18
      23
      30
      24
      21
      14
      22
      21
      24
      26
      24
      21
      15
      19
      24
      25
      15
      29
      31
      27
      24
      26
      31
      17
      25
      23
      24
      27
      21
      13
      29
      28
      21
      23
      25
      24
      22
      27
      26
      26
      18
      22
      18
      13
      18
      22
      17
      23
      27
      18
      17
      30
      26
      21
      20
      26
      26
      24
      21
      25
      22
      24
      24
      23
      27
      28
      30
      19
      21
      21
      25
      21
      18
      30
      26
      15
      27
      27
      19
      24
      25
      21
      23
      17
      13
      23
      21
      30
      30
      24
      22
      30
      23
      25
      32
      26
      24
      19
      27
      30
      23
      25
      30
      19
      21
      25
      27
      25
      17
      29
      18
      18
      24
      29
      20
      27
      22
      27
      21
      15
      12
      23
      25
      17
      24
      36
      14
      18
      26
      23
      25
      26
      21
      20
      21
      16
      14
      14
      15
      30
      28
      25
      23
      18
      22
      27
      18
      21
      11
      17
      21
      20
      23
      24
      21
      24
      23
      20
      23
      22
      24
      22
      22
      15
      28
      16
      20
      27
      29
      24
      31
      15
      29
      20
      20
      22
      22
      32
      21
      21
      23
      32
      18
      19
      21
      27
      26
      21
      19
      23
      22
      25
      22
      25
      23
      14
      31
      30
      23
      30
      14
      18
      20
      20
      23
      15
      29
      31
      25
      26
      25
      23
      23
      18
      26
      22
      23
      30
      26
      28
      28
      25
      26
      24
      24
      17
      30
      20
      29
      26
      18
      22
      18
      27
      24
      25
      19
      28
      31
      25
      24
      24
      23
      21
      27
      24
      19
      21
      18
      31
      10
      26
      27
      28
      22
      32
      23
      25
      24
      17
      16
      27
      28
      23
      22
      23
      20
      22
      25
      20
      17
      23
      19
      16
      31
      11
      20
      19
      11
      21
      14
      25
      21
      16
      19
      17
      15
      28
      23
      22
      18
      18
      23
      22
      13
      23
      22
      25
      18
      15
      24
      26
      24
      28
      24
      19
      22
      13
      20
      18
      19
      26
      18
      26
      30
      23
      19
      24
      19
      19
      21
      27
      24
      17
      19
      19
      12
      23
      12
      16
      22
      29
      16
      26
      19
      19
      18
      20
      29
      19
      29
      22
      28
      23
      27
      25
      22
      20
      19
      15
      15
      24
      19
      26
      22
      20
      24
      15
      14
      23
      26
      18
      16
      16
      21
      21
      26
      26
      14
      23
      28
      25
      25
      20
      27
      12
      26
      20
      14
      21
      24
      15
      19
      25
      22
      18
      22
      18
      30
      21
      23
      26
      18
      18
      20
      22
      20
      16
      22
      22
      17
      21
      17
      18
      13
      22
      28
      23
      24
      25
      28
      20
      17
      30
      27
      16
      19
      19
      18
      19
      23
      17
      19
      23
      22
      19
      26
      25
      16
      12
      29
      17
      19
      17
      19
      25
      28
      18
      18
      13
      22
      14
      21
      19
      16
      28
      19
      22
      21
      22
      14
      21
      17
      23
      22
      15
      31
      23
      24
      20
      29
      33
      16
      22
      14
      21
      20
      16
      29
      30
      21
      16
      23
      26
      21
      19
      21
      18
      20
      14
      31
      26
      21
      24
      22
      17
      22
      23
      15
      17
      23
      31
      28
      20
      17
      14
      23
      24
      19
      15
      16
      27
      19
      20
      14
      17
      19
       8
      16
      28
      26
      18
      27
      19
      19
      26
      16
      24
      17
      21
      28
      22
      17
      21
      22
      18
      19
      22
      18
      14
      22
      15
      20
      21
      15
      23
      20
      29
      22
      22
      25
      23
      19
      21
      27
      16
      24
      15
      27
      25
      25
      19
      23
      20
      24
      16
      17
      18
      26
      13
      22
      16
      29
      24
      24
      19
      12
      18
      29
      27
      10
      21
      19
      15
      20
      23
      31
      19
      16
      17
      20
      24
      18
      20
      26
      17
      23
      23
      19
      19
      23
      20
      17
      16
      22
      26
      21
      16
      20
      15
      25
      26
      18
      19
      12
      19
      19
      20
      20
      18
      17
      29
      17
      19
      20
      19
      19
      15
      27
      18
      26
      24
      27
      12
      16
      18
      21
      24
      18
      19
      17
      21
      16
      21
      28
      20
      28
      21
      25
      22
      30
      21
      21
      12
      21
      19
      23
      18
      19
      18
      27
      17
      26
      17
      17
      24
      15
      20
      19
      14
      16
      22
      19
      21
      13
      26
      20
      15
      11
      18
      19
      22
      13
      13
      20
      12
      24
      23
      27
      12
      25
      11
      17
      20
      27
      21
      24
      26
      18
      22
      20
      19
      19
      16
      28
      27
      21
      18
      15
      18
      20
      24
      26
      21
      12
      18
      19
      17
      23
      15
      24
      23
      15
      30
      22
      17
      17
      22
      20
      15
      19
      19
      20
      23
      19
      21
      25
      19
      17
      19
      16
      14
      11
      21
      21
      28
      11
      17
      16
      27
      24
      19
      24
      17
      16
      12
      14
      18
      20
      21
      15
      27
      21
      16
      17
      29
      19
      26
      23
      28
      18
      30
      17
      17
      14
      30
      15
      23
      16
      22
      25
      18
      15
      17
      27
      19
      13
      15
      20
      19
      24
      17
      19
      24
      25
      15
      19
      14
      16
      20
      27
      20
      23
      19
      17
      19
      14
      12
      22
      26
      25
      15
      25
      18
      14
      26
      10
      15
      12
      13
      19
      18
      23
      21
      15
      20
      22
      21
      15
      16
      22
      22
      17
      15
      11
      20
      22
      21
      21
      16
      15
      21
      16
      20
      18
      26
      22
      18
      14
      12
      16
      19
      22
      10
      10
      19
      12
      10
      19
      20
      17
      14
      20
      24
      19
      21
      24
      22
      22
      17
      26
      24
      26
      23
      12
      17
      15
      20
      18
      16
      17
      17
      24
      15
      26
      19
      21
      25
      24
      15
      14
      20
      25
      19
      18
      23
      25
      13
      22
      13
      20
      19
      17
      21
      21
      13
      18
      20
      12
      17
      30
      15
      15
      20
      16
      15
      12
      17
      20
      15
      19
      18
      21
      19
      22
      22
      25
      17
      22
      15
      10
      26
      12
      15
      24
      21
      16
      19
      16
      26
      18
      16
      23
      14
      18
      24
      20
      23
      16
      20
      20
      17
      15
      21
      16
      22
      18
      14
      10
      24
      22
      21
      16
      24
      18
      15
      16
      15
      12
      13
      24
      20
      22
      21
      31
      21
      16
      24
      20
      21
      17
      17
      16
      15
      20
      16
      23
      23
      22
      21
      24
      27
      18
      17
      24
      27
      26
      13
      17
      15
      22
      17
      19
      17
      22
      20
      20
      17
      13
      20
       9
      19
      18
      24
      14
      23
      23
      23
      22
      22
      19
      20
      11
      23
      22
      24
      19
      25
      21
      17
      22
      18
      16
      17
      22
      16
      23
      17
      15
      23
      14
      22
      12
      14
      20
       9
      25
      24
      20
      17
      12
      19
      12
      22
      13
      19
      15
      16
      11
      32
      19
      23
      17
      15
      26
      19
      18
      23
      18
      17
      24
      25
      14
      21
      18
      28
      20
      24
      22
      19
      18
      19
      18
      18
      20
      15
      17
      15
      23
      22
      18
      18
      21
      17
      21
      18
      21
      24
      22
      18
      23
      21
      10
      15
      21
      17
      11
      17
      18
      22
      17
      20
      31
      21
      13
      15
      21
      19
      17
      15
      24
      18
      29
      20
      19
      24
      15
      19
      10
      21
      18
      24
      22
      22
      19
      25
      14
      13
      22
      21
      11
      13
      21
      16
      15
      19
      18
      13
      17
      17
      16
      12
      25
      11
      24
      21
      17
      14
      12
      17
      13
      19
      19
      12
      25
      18
      16
      12
      19
      16
      14
      16
      19
      24
      26
      20
      14
      22
      20
      17
      16
      20
      21
      18
      20
      17
      25
      18
      14
      16
      23
      22
      19
      28
      20
      19
      18
      23
      16
      14
      17
      16
      24
      15
      12
      17
      20
      29
      19
      18
      13
      21
      15
      17
      15
      15
      13
      20
      23
      27
      17
      16
      19
      19
      23
      15
      12
      20
      22
      22
      21
      25
      21
      18
      15
      16
      11
      15
      27
      10
      16
      14
      23
      13
      22
      19
      14
      11
      17
      17
      21
      22
      15
      16
      15
      19
      11
      13
      16
      21
      11
      19
      16
      18
      16
      13
      15
      23
      12
      24
      16
      21
      11
      11
      18
      14
      18
      15
      16
      19
      14
      24
      19
      19
      15
      16
      13
      18
      20
      23
      16
      15
      21
      17
      15
      17
      27
      14
      20
      19
      13
      19
      18
       9
      14
      19
      17
      15
      13
      17
      20
      16
      21
      17
      14
      14
      16
      12
      14
      15
      17
      14
      15
      20
      11
      28
      22
      20
      16
      13
      17
      19
      15
      15
      16
      19
      16
      17
      18
      19
      17
      21
      10
      10
      17
      19
      19
      21
      11
      24
      13
      16
      22
      17
      19
      13
      19
      17
      28
      23
      17
      20
      12
      21
      14
      18
      19
      24
      12
      17
      16
      19
      16
      21
      15
      16
      15
      12
      20
      25
      17
      21
      18
      15
      16
      17
      13
      12
      19
      14
      24
      24
      11
      21
      16
      26
      17
      13
      16
      13
      13
      21
      20
      20
      19
      13
      17
      15
      28
      20
      18
      18
      19
      17
      18
      21
      15
      14
      12
      19
      22
      10
      21
      13
      26
      17
      24
      29
      26
      14
      16
      20
      21
      15
      12
      15
      15
      12
      25
      21
      15
      11
      19
      17
      19
      22
      14
      15
      16
       9
      16
      18
      19
      18
      20
      15
      20
      25
      20
      14
      14
      12
       9
      16
      16
      15
      13
      15
      24
      18
      14
      19
      21
      14
      10
      15
      15
      20
      16
      20
      15
      23
      16
      24
      14
      13
      15
      17
      22
      15
      15
      13
      18
      16
      13
      21
      22
      19
      21
      11
      18
      19
      21
      17
      10
      16
      16
      13
      11
      16
      19
      16
      20
      24
      11
      12
      17
      16
      16
      13
      20
      25
      25
      12
      21
      12
      22
      15
      16
      11
      17
      19
      16
       6
      14
      20
      19
      21
      14
      17
      22
      11
      15
      28
      19
      21
      16
      17
      18
      14
      12
      14
      16
      15
      12
      11
      10
       8
      16
      19
      18
       9
      28
      10
      16
      21
      18
      24
      11
      13
      18
       9
$ROI:
9
1016 1030
1134 1148
1213 1227
1599 1615
1756 1772
2729 2747
2915 2933
5222 5242
5502 5522
$PRESETS:
None
0
0
$ENER_FIT:
0.376786 0.499546
$MCA_CAL:
3
3.767862E-001 4.995458E-001 1.940240E-008 keV
$SHAPE_CAL:
3
2.043338E+000 9.364389E-004 -6.495330E-008
